1.7458787417072426
5.469429313527001
2.516670181135148
1.259592821144453
1.259592821144453
1.3816754098360657
1.259592821144453
1.259592821144453
1.735155806818529
5.615179740717695
1.468901342708745
7.117541186065013
1.259592821144453
1.4886009479879994
1.73316467064367
1.73316467064367
1.259592821144453
2.4759827252736453
1.259592821144453
1.259592821144453
1.259592821144453
5.255050537032195
1.259592821144453
1.259592821144453
4.710496647865833
2.4959118776514893
1.259592821144453
4.341340753431085
1.259592821144453
5.222609130471367
1.73306467064367
5.218156953684035
1.259592821144453
-3.4960664996139643
1.259592821144453
1.259592821144453
5.473680338664284
1.259592821144453
1.259592821144453
1.4758786384677183
5.240514076281375
1.259592821144453
5.469962026573324
1.259592821144453
6.246943272942366
1.259592821144453
1.259592821144453
1.259592821144453
1.464971058426105
3.3942115945912392
5.217606164124788
5.412050131824535
1.4662080700419664
5.2478186452191595
3.4190305252681386
1.259592821144453
1.259592821144453
5.213022738573101
5.216931264309087
1.259592821144453
1.259592821144453
1.259592821144453
5.473680338664284
1.259592821144453
4.816618645219159
2.8159186452191594
4.40176165623798
5.470175246436065
5.47413787909602
2.879678960980331
5.218621681778198
1.259592821144453
5.2527274292928725
1.259592821144453
6.253066781081985
5.0483076691165785
1.259592821144453
1.1854930029098885
2.2603372663233685
1.1964930029098881
1.939896746454864
5.47403787909602
1.259592821144453
1.2684567151646386
-0.38143155330681067
2.511655353774539
5.1049186452191595
1.259592821144453
1.259592821144453
1.259592821144453
5.4688183080733275
5.010970552745155
1.259592821144453
3.399069733801706
1.73316467064367
5.214363874128854
1.259592821144453
5.471867004701407
5.2527274292928725
-3.2420116699083077
1.462071058426105
6.253066781081985
5.47413787909602
7.117541186065013
2.4975643135993555
5.471867004701407
5.475750131824535
1.259592821144453
5.47413787909602
1.259592821144453
4.409348214762415
5.2527274292928725
6.890667659083564
5.24921864521916
2.5054619273195216
8.099181207485183
6.16231069873994
5.032402364714517
3.016778032841813
1.73296467064367
1.259592821144453
6.895667659083564
5.213022738573101
1.259592821144453
1.259592821144453
5.288360665434485
1.73316467064367
5.475003037980997
7.085236517130462
1.467471058426105
1.259592821144453
6.354445822185709
1.259592821144453
5.554777120348148
5.112318645219159
1.259592821144453
1.259592821144453
1.2527753289834578
13.500278310014064
4.7106966478658325
0.5316119411075848
1.73316467064367
9.113162213570773
1.259592821144453
6.247121196560002
1.259592821144453
2.7498767223133225
5.218621681778198
5.46777683257699
1.259592821144453
1.259592821144453
5.62175262951088
1.4797073529637026
1.73316467064367
5.467816795142679
1.259592821144453
3.7219970465519614
5.473680338664284
1.73316467064367
4.719653006486271
2.4498827252736453
5.471867004701407
1.73316467064367
1.7413321103589214
2.5204468092941754
5.2128803386642835
1.7417321103589214
1.259592821144453
1.259592821144453
5.049810433063533
5.47413787909602
5.2341659186577
5.007358809803204
2.2343014446727993
5.9172969278752285
1.259592821144453
5.469775246436065
1.73316467064367
1.7118832621890891
1.259592821144453
5.218407505720906
5.218621681778198
5.473680338664284
5.04550513645872
5.47413787909602
3.151449489616263
1.73316467064367
1.259592821144453
1.259592821144453
5.218621681778198
1.259592821144453
5.473680338664284
5.883051314141577
5.473680338664284
1.259592821144453
1.259592821144453
9.35986920082408
1.259592821144453
2.443605807358362
-0.3357239747686567
2.504241562662102
1.259592821144453
9.35986920082408
8.507132497192362
6.257714692316647
13.500278310014064
7.781948777884738
6.842629092850771
6.161097549928181
1.259592821144453
7.78944138156026
9.71701496087828
5.473680338664284
1.259592821144453
6.876878497632069
5.992291985418907
1.259592821144453
1.7295584156903412
1.73316467064367
1.259592821144453
6.899608987235405
1.259592821144453
1.73316467064367
3.399069733801706
4.145217465124524
5.865327115944337
6.888353923591029
1.259592821144453
2.242678959805608
1.978917175560511
6.166543627349269
4.141515449417842
7.79554138156026
1.73316467064367
1.259592821144453
3.998109880735124
2.246997732027875
9.11692382225044
1.7459787417072425
1.259592821144453
6.176625899171836
1.73316467064367
5.47393787909602
5.2527274292928725
6.254421196560002
5.2203558595361566
1.259592821144453
7.084253718883161
1.259592821144453
5.019399219656405
1.259592821144453
2.514207914395309
5.471867004701407
1.259592821144453
3.2011915580427104
5.664010001141706
1.73316467064367
2.5282848746606787
5.253461939883777
5.475447497239819
5.473680338664284
5.560077120348148
1.73316467064367
5.2243193107161945
7.753684956427203
1.259592821144453
1.259592821144453
5.475758699123731
5.246018645219159
4.423420544216718
1.259592821144453
5.2142638741288545
5.279201546669128
5.475013358038473
3.419193646566696
8.712766327627735
1.73316467064367
2.536734491953675
5.906745424056801
5.277344852156718
3.6893511110967236
6.349548186566232
5.2527274292928725
5.467140290455874
2.7693237977091627
6.192897481953595
2.890217807229205
1.73316467064367
1.73316467064367
1.73316467064367
1.7457787417072426
8.05222047545802
5.092118645219159
1.73316467064367
2.4684450407144376
1.259592821144453
5.213022738573101
1.73156467064367
6.255866781081985
5.488425874963932
5.47413787909602
3.398311594591239
9.71701496087828
6.8127290928507716
1.888073225049325
1.73316467064367
13.500278310014064
1.73316467064367
1.259592821144453
6.251179407871129
1.73316467064367
5.2312412010964575
7.741584956427204
1.259592821144453
1.73316467064367
5.47403787909602
1.259592821144453
5.222609130471367
6.165800900909161
5.47413787909602
7.75622137069713
3.996892578511913
5.2313797183449635
5.9113020297100665
2.4838889588421975
5.222609130471367
5.469775246436065
8.714815592898715
1.259592821144453
1.73316467064367
5.2146638741288545
8.075610669954518
2.2826999768645946
5.248349920722888
8.070736893555544
6.251179407871129
1.259592821144453
5.473680338664284
4.606186761274193
5.025931454663006
5.473704314446147
9.357369200824081
6.17106706054854
6.254066781081986
7.117214470769299
5.218621681778198
4.87841864521916
8.51580929260296
6.5036202326499435
1.73316467064367
2.747293178640007
1.259592821144453
1.259592821144453
6.254414692316646
5.2527274292928725
9.366906635248741
5.449501108003409
5.47413787909602
4.6097841241650475
1.259592821144453
5.473680338664284
5.218621681778198
1.4918559098451858
5.218621681778198
5.475827634660422
5.249118645219159
8.085786344244035
2.52374271274487
5.479184242928186
1.6066731410477528
1.259592821144453
3.68574786119029
6.875432290978923
5.485734071119693
1.73316467064367
7.7956413815602605
1.259592821144453
7.744467148374782
5.22631864521916
6.2575667810819855
1.259592821144453
5.222609130471367
5.47413787909602
8.727051345837397
5.487266719698815
1.73316467064367
1.259592821144453
7.748967767018779
1.7440971360625985
7.7952247139036155
1.7292584156903412
1.259592821144453
5.481868441272543
7.776131746900783
5.867927115944338
1.73226467064367
1.73306467064367
8.724052069176288
8.725809698727259
1.259592821144453
1.259592821144453
9.71701496087828
5.233041969926784
5.837711357654301
13.500278310014064
-1.2908315533068109
7.793628946209433
1.259592821144453
9.359369200824082
8.471005978392348
1.259592821144453
1.259592821144453
6.879300665528957
5.473680338664284
6.253444114406929
1.4475754098360656
1.259592821144453
5.218621681778198
5.473680338664284
5.47453787909602
7.777048777884738
5.473680338664284
1.259592821144453
8.51580929260296
1.259592821144453
7.794680354223145
2.263176727383933
5.47213787909602
8.501622531347667
6.251921196560002
7.783128946209432
9.3606528567405
5.260599146862275
1.73316467064367
5.475513358038474
1.73316467064367
7.073414317461428
5.474009130471368
1.73316467064367
6.243821196560003
1.259592821144453
8.519774909697135
2.543242073714828
5.218621681778198
7.080237032846161
7.785428946209432
5.4775586991237315
6.2495794078711295
7.765324753311968
2.52374271274487
1.259592821144453
6.902608987235405
1.73316467064367
1.9885887829128188
5.240814076281375
7.787728946209432
1.259592821144453
5.234241969926784
5.320707682924843
8.726751345837398
1.259592821144453
7.077660234940254
7.765107628151704
2.2725248886144236
5.469775246436065
5.468618308073327
7.783128946209432
4.611294586410073
5.479262026573324
5.325607682924843
1.259592821144453
1.2554442797908725
6.259063867773907
8.472422531347668
2.4972643135993553
3.677039002181639
1.259592821144453
2.758872549965415
5.234352510199801
6.895508987235405
7.782480354223145
6.1751138723288514
6.862071790313661
1.259592821144453
8.50178407090514
8.490222531347667
1.259592821144453
5.910105068102931
5.47413787909602
6.2503794078711294
5.4749133580384735
7.784824753311968
4.405776457123068
9.361252856740501
4.423420544216718
5.2478186452191595
8.721203832107586
1.259592821144453
8.717015592898715
7.749884956427203
1.4946042848507668
1.73316467064367
6.173513872328852
7.784824753311968
9.361252856740501
7.091748173310308
6.246943272942366
2.756208578193896
5.129118645219159
6.256914692316646
8.51438407090514
5.224684772751871
6.258963867773907
5.259848394703519
8.726751345837398
8.726851345837398
2.734970558614416
2.527599462886159
1.4672721700181839
7.792180354223144
5.473680338664284
1.7215326464330758
5.473680338664284
9.360952856740502
8.726951345837398
8.070236893555546
1.259592821144453
1.73316467064367
5.473680338664284
6.253244114406929
3.695825474599575
4.6236495443992105
9.71701496087828
7.7817803542231445
8.726751345837398
13.500278310014064
5.47403787909602
5.225066034122178
2.7451175684221805
7.752151929915993
5.473680338664284
8.519774909697135
8.504923789760387
5.473680338664284
5.248618645219159
7.790124713903615
5.473680338664284
8.086981207485183
5.489831272346991
2.738690073416944
1.259592821144453
5.24551864521916
8.72640969872726
5.47413787909602
2.4681197671238646
5.47413787909602
5.222609130471367
8.084486344244034
8.06712047545802
1.259592821144453
8.501674909697137
6.259014692316646
3.1087467414684564
6.253021196560002
8.520274909697136
1.259592821144453
5.499852510199801
5.24621864521916
6.24827940787113
1.259592821144453
8.51438407090514
8.699659929184426
8.514484070905139
10.604499879721242
8.093781207485181
2.470867266739833
9.361452856740502
3.416339002181639
5.209445796128632
5.47413787909602
1.259592821144453
5.47393787909602
5.552094850717601
5.221381320962463
7.772824753311967
1.1884930029098884
1.259592821144453
5.471867004701407
1.259592821144453
1.259592821144453
5.013439129571152
7.134214470769299
8.712707891943543
5.220418645219159
5.218621681778198
1.259592821144453
3.4033247201036483
8.726009698727259
8.51590929260296
8.068634113800849
6.244843272942367
7.754851929915993
9.71701496087828
9.361452856740502
5.559117978028236
8.100281207485182
1.73316467064367
5.222609130471367
7.7842247533119675
1.259592821144453
8.725909698727259
8.72570969872726
8.726851345837398
5.23086207744694
6.252021196560002
5.47413787909602
5.475113358038474
1.73316467064367
6.249866781081986
8.51590929260296
7.792448777884738
1.259592821144453
5.493048563540181
8.724252069176288
5.2142638741288545
1.259592821144453
8.707738622329122
8.715066327627735
5.222609130471367
6.252321196560002
8.714966327627735
4.588913042964253
6.24867940787113
2.468117256456576
9.359769200824081
1.73316467064367
1.259592821144453
1.259592821144453
1.73316467064367
8.726851345837398
1.259592821144453
6.344508569524656
8.725909698727259
5.2478260549563025
7.4960726910193785
8.719559929184426
5.24961864521916
6.5157958832306475
8.715166327627735
1.259592821144453
3.989479298302938
9.359769200824081
8.504923789760387
3.426156929541151
6.2503794078711294
5.473680338664284
10.604499879721242
1.259592821144453
5.279201546669128
13.500278310014064
1.259592821144453
6.253021196560002
8.726951345837398
4.382226357284364
6.1618699316875505
8.723752069176289
1.259592821144453
6.260763867773907
1.73316467064367
1.73316467064367
8.080822852757253
5.481642955124868
5.847859123298804
8.51580929260296
5.612848565739935
8.05842047545802
1.259592821144453
6.256414692316646
2.516670181135148
4.616784124165047
6.257336556136434
8.48340597839235
1.259592821144453
1.259592821144453
1.259592821144453
1.73296467064367
1.259592821144453
8.438516944672935
8.07383411380085
5.882269697519199
9.360852856740502
5.222609130471367
6.251421196560003
8.723252069176288
5.47413787909602
2.5354274077365138
8.712907891943543
9.359569200824081
1.259592821144453
5.872550242129329
6.24907940787113
8.51570929260296
9.361452856740502
9.359769200824081
2.598904891492241
6.252521196560002
8.097681207485182
8.519574909697136
6.252521196560002
7.779080354223145
9.360469200824081
6.24907940787113
5.218621681778198
5.222709130471367
8.51590929260296
9.360952856740502
6.16444362734927
1.73316467064367
6.252521196560002
5.219777558776438
8.726751345837398
1.259592821144453
6.247479407871129
1.73316467064367
8.725909698727259
1.259592821144453
3.7397684889782123
8.726851345837398
8.718959929184427
2.238215791846541
7.7765076281517045
6.2461794078711295
8.077022852757253
8.07283411380085
5.2463186452191595
8.484953947785838
6.254714692316647
9.361652856740502
1.259592821144453
6.251621196560002
5.217306164124789
8.51590929260296
8.712707891943543
8.51580929260296
1.73316467064367
6.256666781081985
2.4993643135993553
2.530554980937242
8.714866327627735
8.725809698727259
2.483288958842197
8.50948407090514
9.360852856740502
2.2309295056683376
8.72570969872726
5.474902905821684
8.514484070905139
2.247197732027875
10.604499879721242
13.500278310014064
5.473680338664284
2.736402950272247
5.47413787909602
1.7461787417072425
5.927182073758168
1.259592821144453
8.725909698727259
1.259592821144453
5.485234071119693
5.229151297143027
1.259592821144453
5.4903338652530085
1.259592821144453
9.360552856740501
1.259592821144453
1.259592821144453
1.73316467064367
5.222609130471367
6.691454849190723
5.6749504130215245
8.51580929260296
7.786628946209432
6.5060712833336485
1.73316467064367
5.247918645219159
5.24741864521916
1.7294584156903412
9.360852856740502
8.726109698727258
1.259592821144453
6.1768687110531815
1.259592821144453
5.473934071119693
1.73316467064367
7.766924753311968
1.259592821144453
5.47413787909602
1.259592821144453
1.259592821144453
8.716915592898715
5.23631864521916
9.360552856740501
8.726209698727258
9.360852856740502
8.51580929260296
5.475013358038473
6.848771790313661
1.73316467064367
6.24827940787113
5.243418645219159
1.259592821144453
6.252821196560002
8.725909698727259
8.725809698727259
5.218621681778198
1.73316467064367
5.24691864521916
5.24701864521916
6.494769964938416
8.51438407090514
5.473680338664284
8.725909698727259
5.246418645219159
8.725909698727259
5.293957206440972
5.473680338664284
5.59656858619183
5.859887003181774
5.2356186452191595
5.2335659186577
8.524501321573567
1.259592821144453
8.078322852757253
5.2463186452191595
5.478442955124868
5.225893738550387
6.251221196560002
6.254141947170617
8.51580929260296
1.73316467064367
10.604499879721242
13.500278310014064
5.483534071119694
9.359569200824081
8.720703832107587
1.259592821144453
1.259592821144453
8.725809698727259
4.423420544216718
7.7887247139036155
2.234401444672799
6.246979407871129
1.73316467064367
1.259592821144453
9.113662213570771
8.721303832107587
8.51570929260296
8.721103832107586
8.712707891943543
6.257914692316646
1.6066731410477528
9.362452856740502
8.524701321573566
8.725809698727259
7.744167767018778
8.50808407090514
1.7458787417072426
1.259592821144453
6.859949776603085
2.239755771739185
7.082553718883161
5.47413787909602
8.51570929260296
8.07843411380085
6.261363867773907
6.262214692316646
8.722852069176287
3.128178065364603
5.47413787909602
9.36720663524874
7.500244099084752
6.249279407871129
1.259592821144453
7.765151929915993
6.25097940787113
9.3613528567405
6.255921196560002
1.73316467064367
8.726751345837398
8.520374909697136
2.226593910006899
8.725809698727259
5.216510785088726
8.721203832107586
9.359669200824081
1.259592821144453
2.497541977948312
5.217956953684036
1.259592821144453
4.412476457123067
1.73316467064367
2.4750827252736456
5.246418645219159
9.360552856740501
9.360852856740502
4.705496647865832
5.218621681778198
5.215778542460346
9.359669200824081
1.7223326464330757
8.524501321573567
2.4768899052149105
8.712807891943543
5.218621681778198
1.259592821144453
8.504923789760387
8.715166327627735
5.222609130471367
8.723252069176288
5.475447497239819
5.471867004701407
8.51590929260296
1.73316467064367
7.753731746900783
6.252821196560002
5.475013358038473
2.485265121259909
6.251321196560002
3.4254654270162606
9.36442717465824
5.470175246436065
8.514484070905139
5.473680338664284
3.1644953614831217
8.524501321573567
5.2146638741288545
6.255766781081985
1.259592821144453
8.725909698727259
6.254466781081986
5.484667724635691
8.524501321573567
9.361152856740501
9.360252856740502
10.604499879721242
13.500278310014064
8.519674909697136
1.73316467064367
5.483534071119694
1.259592821144453
6.248579407871129
1.259592821144453
1.6066731410477528
8.712907891943543
6.256714692316646
8.51580929260296
1.472539389382157
9.366906635248741
1.259592821144453
8.72650969872726
1.73316467064367
6.249779407871129
6.252121196560002
5.2203558595361566
5.469516451009777
8.063336893555546
2.230829505668338
1.259592821144453
1.7439971360625985
5.473680338664284
2.234201444672799
6.246943272942366
1.7437971360625986
8.726951345837398
5.2188216817781985
6.253966781081985
8.48461942144092
9.361052856740502
6.248579407871129
6.254766781081985
5.224415126305741
5.621848730954169
8.72560969872726
6.248879407871129
1.73316467064367
6.260563867773907
5.213022738573101
6.258214692316646
6.253721196560003
8.726651345837398
6.254721196560002
8.066334113800849
5.469775246436065
2.4963419779483123
5.224803609137919
6.254266781081985
9.360252856740502
4.622038201046918
6.24867940787113
8.726951345837398
8.715166327627735
8.726951345837398
9.361152856740501
9.36442717465824
5.486433865253008
5.222609130471367
8.07643411380085
8.519974909697137
1.73316467064367
5.473680338664284
5.218621681778198
5.479584242928186
1.259592821144453
9.366606635248742
8.726751345837398
8.066536893555545
5.2463186452191595
8.083910669954518
6.6906548491907225
9.366606635248742
8.51438407090514
8.51590929260296
6.2476432729423665
5.234352510199801
1.7290584156903412
5.263452469572238
8.729867317036346
1.73316467064367
1.259592821144453
6.255066781081985
8.725909698727259
8.726851345837398
8.726009698727259
5.472109130471368
8.723951345837397
5.24431864521916
2.616404891492241
5.473747497239819
5.222609130471367
5.493697027148793
6.256614692316647
6.6906548491907225
8.524501321573567
8.51580929260296
8.725909698727259
5.474858699123732
6.252521196560002
5.252927429292872
10.604499879721242
13.500278310014064
2.476588958842197
8.51428407090514
8.726009698727259
5.4916258749639315
6.247143272942367
5.220788729302174
1.73316467064367
1.259592821144453
7.749280692043759
6.888353923591029
1.259592821144453
8.51468407090514
9.361152856740501
7.792828946209433
6.2495794078711295
6.252021196560002
1.7457787417072426
2.496741977948312
6.248479407871129
8.729867317036346
2.234401444672799
1.73306467064367
2.251579287421434
9.360752856740502
4.602000466521814
7.779280354223144
1.259592821144453
2.484865121259909
5.473680338664284
1.73306467064367
1.259592821144453
2.226593910006899
6.247743272942367
5.226822924103051
6.696477190183126
5.216181561440463
8.071722852757253
6.246843272942367
8.719159929184427
8.47717088842831
9.361452856740502
1.259592821144453
2.4974913736146944
9.3606528567405
1.259592821144453
1.73316467064367
8.51580929260296
8.519574909697136
8.720903832107586
8.726951345837398
4.600708754270777
9.366606635248742
9.366606635248742
1.259592821144453
6.2495794078711295
6.261164994858763
3.7014252692577108
6.256714692316646
9.364127174658242
5.49043127234699
6.247243272942367
8.714766327627736
6.246843272942367
6.249779407871129
1.7141064331378553
8.726951345837398
5.47403787909602
8.51580929260296
6.246743272942367
5.47413787909602
8.717315592898714
1.259592821144453
6.2612638677739065
1.259592821144453
8.720803832107586
5.222609130471367
9.3606528567405
5.218621681778198
9.112962213570771
8.726751345837398
8.714766327627736
1.73316467064367
8.725909698727259
5.254111749740052
6.254266781081985
5.2501186452191595
1.73316467064367
8.066220475458021
6.859096452818939
1.259592821144453
1.259592821144453
1.73316467064367
1.259592821144453
1.259592821144453
1.259592821144453
6.876420431618155
5.473680338664284
8.51438407090514
5.469775246436065
5.23346207744694
1.9901027617889084
10.604499879721242
13.500278310014064
7.783528946209432
5.47413787909602
7.798728946209432
6.258814692316646
1.259592821144453
6.254979407871129
1.259592821144453
9.358652856740502
7.7724247533119675
5.475750131824535
1.259592821144453
1.259592821144453
7.785724753311968
6.247743272942367
8.485619421440921
5.47413787909602
1.259592821144453
7.109119459339249
2.226593910006899
5.8868924176143365
1.259592821144453
8.723752069176289
5.247918645219159
1.259592821144453
1.259592821144453
2.524433545670081
7.108960234940254
8.05882047545802
6.252721196560002
7.081553718883161
8.707907891943544
5.2482186452191595
8.51580929260296
2.238815791846541
9.36650663524874
9.360852856740502
8.499222531347668
6.25027940787113
8.51570929260296
6.261364994858764
6.247343272942366
1.73316467064367
8.72570969872726
1.259592821144453
7.482038984089357
5.47413787909602
9.36452717465824
5.24841864521916
6.25027940787113
8.716915592898715
9.366606635248742
9.366606635248742
6.2499794078711295
8.520474909697136
9.360852856740502
1.259592821144453
2.4383265217698082
9.366606635248742
6.254766781081985
4.607000466521815
1.259592821144453
5.2501186452191595
5.241465920721506
8.712807891943543
9.113262213570772
5.218621681778198
6.259813664646717
1.259592821144453
2.271464354726767
7.750651929915993
1.73316467064367
1.259592821144453
5.469775246436065
6.251921196560002
8.504532497192363
5.218621681778198
8.514484070905139
6.251921196560002
9.36222717465824
8.727051345837397
9.359469200824082
8.726009698727259
9.359469200824082
6.254466781081986
5.490566719698815
1.73316467064367
1.259592821144453
6.246979407871129
5.213022738573101
8.721603832107586
8.719159929184427
5.473680338664284
6.249679407871129
9.36490663524874
8.712907891943543
8.51580929260296
3.412129634201237
10.604499879721242
4.621616205745668
9.360069200824082
2.4929913736146943
13.500278310014064
2.238915791846541
1.9660722313124466
3.729069496103987
3.3987697338017058
5.47403787909602
5.471867004701407
1.73316467064367
9.359569200824081
9.361052856740502
8.726009698727259
5.209418645219159
6.882800665528956
9.112862213570772
8.727051345837397
5.2497186452191595
10.661716194795934
5.469775246436065
1.73316467064367
1.259592821144453
6.885567659083564
5.471767004701406
1.259592821144453
1.73316467064367
5.469716451009777
1.259592821144453
5.473634446563351
5.107618645219159
7.758551929915993
6.182842126170309
6.248879407871129
6.252021196560002
1.73316467064367
7.7543317469007835
8.487922531347667
9.360852856740502
9.360952856740502
8.071136893555545
5.2754879342681225
5.473580338664283
1.259592821144453
2.5137079143953094
2.246797732027875
1.259592821144453
6.879578497632069
6.255914692316646
5.870462220629568
1.259592821144453
9.366606635248742
1.73316467064367
1.73316467064367
6.2495794078711295
10.661716194795934
5.484134071119693
9.357952856740502
6.259463867773907
8.725909698727259
8.723452069176288
5.23091864521916
1.259592821144453
8.721603832107586
8.726851345837398
1.73316467064367
8.726009698727259
5.213022738573101
5.490225874963931
8.51438407090514
8.519974909697137
1.259592821144453
2.482165121259909
8.500722531347668
8.726951345837398
9.364227174658241
2.5245335456700806
6.251321196560002
5.475047497239819
1.4872152033136319
6.249679407871129
5.232608896966709
8.49201942144092
6.251921196560002
5.212721277261736
5.474947497239818
9.3583528567405
8.726109698727258
1.73316467064367
9.359352856740502
4.601189502368799
2.6080048914922407
1.73316467064367
6.251321196560002
8.504923789760387
5.476176476319794
6.2499794078711295
1.4452815600709519
6.254666781081985
6.260563867773907
8.725809698727259
1.259592821144453
5.238332675482869
6.918008987235405
13.500278310014064
10.604499879721242
6.256614692316647
1.259592821144453
5.47413787909602
5.326707682924843
1.259592821144453
1.259592821144453
1.259592821144453
1.73316467064367
9.360852856740502
1.259592821144453
8.51590929260296
1.259592821144453
1.259592821144453
6.890191342162743
7.520044099084752
5.248318645219159
5.487033865253008
6.247143272942367
8.520474909697136
8.721403832107587
5.47413787909602
2.508108086490188
5.5575948507176
8.726951345837398
5.476658699123732
9.359269200824082
9.360069200824082
7.7840803542231445
1.259592821144453
1.259592821144453
9.361152856740501
8.524501321573567
4.9849648204123165
8.715166327627735
1.259592821144453
8.726951345837398
8.726851345837398
5.473331554255518
9.359669200824081
2.4957118776514893
1.259592821144453
6.24917940787113
1.259592821144453
1.73316467064367
6.254766781081985
9.364227174658241
8.057487237312433
9.366606635248742
5.225757445570554
5.473680338664284
5.495748563540181
8.06062047545802
2.8678607954946203
5.5514948507176
8.063336893555546
9.361152856740501
1.73316467064367
7.7450849564272035
8.51590929260296
1.259592821144453
5.473680338664284
9.361152856740501
8.519974909697137
1.73316467064367
9.360752856740502
8.51570929260296
2.503312904664554
6.252121196560002
6.247543272942367
1.73316467064367
9.360952856740502
7.760751929915992
8.721603832107586
8.505023789760386
8.06292047545802
8.520474909697136
8.51458407090514
5.2456822710551085
6.254966781081985
6.250179407871129
1.259592821144453
5.47413787909602
1.73316467064367
6.254966781081985
8.719152069176289
1.259592821144453
1.259592821144453
8.519901321573567
8.710666327627736
5.286951718838936
5.228225209809488
13.500278310014064
2.474465121259909
10.661716194795934
1.73316467064367
1.259592821144453
2.4957118776514893
5.499148563540181
2.251579287421434
6.256766781081986
1.259592821144453
8.723252069176288
6.249779407871129
1.7414321103589212
1.259592821144453
6.544648918608311
8.714459929184427
1.259592821144453
5.222357742803459
1.73316467064367
2.233396746454864
2.5005572475681945
8.726951345837398
1.259592821144453
4.630049544399211
1.259592821144453
8.51580929260296
9.360852856740502
2.232601444672799
8.723552069176288
1.259592821144453
8.726009698727259
1.259592821144453
5.8705870031817735
1.4794073529637026
5.2146638741288545
5.870487003181774
7.752667148374782
1.468901342708745
5.470175246436065
8.711136282111909
7.762351929915993
3.6806618079023568
5.222609130471367
1.259592821144453
8.516209292602959
1.259592821144453
1.259592821144453
1.259592821144453
5.222709130471367
8.502222531347668
8.06723411380085
1.259592821144453
8.514484070905139
1.259592821144453
9.364227174658241
9.366606635248742
5.473680338664284
8.708307891943543
8.725809698727259
1.259592821144453
5.468875246436065
6.251721196560002
1.4872152033136319
9.36700663524874
5.218621681778198
1.259592821144453
6.262014692316646
5.24551864521916
9.359369200824082
8.51590929260296
8.519901321573567
8.726751345837398
1.73316467064367
1.259592821144453
5.24841864521916
8.723152069176288
1.259592821144453
5.969117579386445
9.360952856740502
8.729667317036345
8.50968407090514
5.192618645219159
6.248979407871129
8.51580929260296
1.259592821144453
3.700025269257711
8.725809698727259
9.36540663524874
1.259592821144453
1.73316467064367
5.220617372225839
6.249679407871129
9.360552856740501
5.476476476319794
8.480070888428308
8.712907891943543
8.075022852757252
8.712907891943543
1.7286584156903413
4.626638201046918
1.259592821144453
2.5306324332701333
8.721503832107587
8.719159929184427
6.2476432729423665
9.366706635248741
1.73316467064367
8.51130929260296
1.73316467064367
8.501123789760387
13.500278310014064
10.661716194795934
5.481237847764745
7.785624713903616
9.113062213570771
8.48825394778584
7.750067767018779
4.140918826359589
1.73316467064367
2.4957118776514893
1.259592821144453
1.259592821144453
9.360852856740502
5.47413787909602
5.327817773179772
1.259592821144453
1.259592821144453
5.4715620265733245
5.473480338664284
2.469264354726767
8.726009698727259
1.259592821144453
5.4463133580384735
5.24881864521916
7.770980354223145
7.794228946209432
5.473680338664284
8.72190969872726
5.473680338664284
5.491148563540181
1.259592821144453
1.259592821144453
8.720703832107587
1.73316467064367
5.222357742803459
8.712907891943543
8.51580929260296
5.47413787909602
3.163491787425738
5.024880685605679
2.866464905801751
8.719052069176287
1.73316467064367
8.501522531347668
9.36700663524874
9.366706635248741
3.1780632422372825
6.252721196560002
9.361052856740502
8.726009698727259
6.693654849190723
8.514484070905139
2.7279272635464507
8.720903832107586
1.259592821144453
6.24757940787113
6.248879407871129
8.51580929260296
8.725909698727259
5.494125874963932
6.246743272942367
7.7845289462094325
5.475047497239819
1.259592821144453
8.726851345837398
1.73316467064367
6.251621196560002
8.495822531347669
5.473680338664284
1.73316467064367
9.366606635248742
8.520474909697136
1.259592821144453
6.691254849190723
6.246743272942367
9.359252856740502
3.4363567650415874
6.255466781081985
9.360552856740501
6.246943272942366
1.259592821144453
1.259592821144453
1.259592821144453
9.36650663524874
1.259592821144453
1.259592821144453
6.246843272942367
5.3296177731797725
6.246943272942366
9.361152856740501
1.724332646433076
8.726751345837398
1.259592821144453
10.661716194795934
1.259592821144453
13.500278310014064
10.642907873128824
7.478472691019379
5.469516451009777
8.725809698727259
7.777267148374782
5.247918645219159
5.008954712696305
5.473680338664284
9.359369200824082
8.719159929184427
5.472847497239819
6.866596452818939
5.488567724635692
7.071260234940254
5.235600649144948
8.726951345837398
9.360552856740501
8.51580929260296
5.473680338664284
5.477934026119601
2.614404891492241
5.218621681778198
2.738790073416944
6.862671790313661
1.259592821144453
8.72270969872726
5.2501186452191595
6.860249776603085
1.73316467064367
6.1645123816353555
1.73316467064367
8.49138407090514
5.224141201096458
7.774124753311968
1.9760179347578621
5.218621681778198
6.253421196560002
8.718859929184427
1.73306467064367
2.8730506603593264
1.73316467064367
9.359769200824081
6.261763867773907
8.726851345837398
3.7652090984639
9.36640663524874
6.253221196560002
8.514484070905139
9.366706635248741
9.36700663524874
2.4549827252736454
6.247243272942367
9.361152856740501
8.07403411380085
1.73316467064367
1.259592821144453
9.11692382225044
5.667412098952949
9.3613528567405
1.4561754098360657
9.360552856740501
8.51590929260296
2.487712651770117
1.259592821144453
6.251721196560002
9.360952856740502
1.259592821144453
6.251321196560002
6.256914692316646
1.259592821144453
6.247543272942367
1.73316467064367
9.361252856740501
8.724309698727259
8.723152069176288
8.725909698727259
8.51580929260296
9.361152856740501
1.259592821144453
6.256014692316646
6.248879407871129
9.361052856740502
8.726109698727258
8.726009698727259
8.48440597839235
9.361152856740501
1.259592821144453
6.691654849190723
9.109816953314459
6.24877940787113
9.366906635248741
8.51590929260296
9.361152856740501
5.252927429292872
4.998303031740327
2.4823889588421975
13.500278310014064
10.661716194795934
9.363327174658242
1.7458787417072426
6.250879407871129
1.73316467064367
8.712907891943543
6.258663867773907
4.130257940385791
1.73316467064367
2.271713398514516
6.256414692316646
4.607000466521815
1.259592821144453
1.259592821144453
7.761151929915993
9.360952856740502
9.112862213570772
1.259592821144453
1.259592821144453
6.252366781081985
1.259592821144453
1.259592821144453
6.258863867773907
5.249818645219159
5.248349920722888
7.798324713903615
5.222609130471367
3.7388684889782122
4.639250131824535
1.259592821144453
10.148320405275049
3.15408943002102
1.73316467064367
5.220518645219159
5.469775246436065
1.259592821144453
9.361052856740502
1.259592821144453
2.5052619273195216
1.259592821144453
5.235589769276029
8.723552069176288
1.259592821144453
1.259592821144453
5.477134026119601
1.259592821144453
1.259592821144453
1.259592821144453
8.48160929260296
8.48027088842831
9.3613528567405
9.366906635248741
1.259592821144453
1.259592821144453
6.255966781081986
1.7270584156903412
6.251821196560003
5.0505104330635335
8.51580929260296
9.363627174658241
5.2527274292928725
1.259592821144453
6.261363867773907
6.261044114406928
5.279400649144948
6.248579407871129
5.473680338664284
1.259592821144453
1.73316467064367
1.7056563473761435
5.222609130471367
6.2476432729423665
9.361152856740501
6.684443571146788
1.259592821144453
6.246843272942367
6.254207648393223
1.259592821144453
2.711603504792892
1.73316467064367
8.726851345837398
9.366606635248742
5.66782181695721
6.251321196560002
4.341947250760969
9.360852856740502
8.72190969872726
8.725909698727259
5.495297027148793
5.101518645219159
5.473680338664284
8.710366327627735
8.723052069176289
2.2921923550743695
5.222609130471367
13.500278310014064
1.259592821144453
10.661716194795934
6.251021196560003
1.259592821144453
1.259592821144453
8.714759929184426
5.226917607349368
6.256214692316647
1.259592821144453
4.722112376782559
6.254066781081986
5.868953174079907
6.256314692316646
1.259592821144453
5.222609130471367
5.224809648725899
9.360752856740502
1.259592821144453
8.510109292602959
5.002503659830314
1.259592821144453
8.726851345837398
1.259592821144453
5.243718645219159
6.25027940787113
5.292709703270687
7.806106346944841
1.259592821144453
2.233396746454864
8.519974909697137
6.250079407871129
5.472180338664284
1.259592821144453
4.6016895023687985
1.259592821144453
1.259592821144453
2.4799889588421973
1.259592821144453
9.36222717465824
7.745167767018779
9.359569200824081
5.473680338664284
5.470175246436065
5.218356953684036
1.73316467064367
5.841725070391777
6.252921196560003
1.259592821144453
1.2552014859322833
5.24581864521916
9.366906635248741
9.11662382225044
5.473680338664284
6.251321196560002
8.726851345837398
9.361152856740501
9.363627174658241
3.703652971436782
1.4801885727402213
5.473680338664284
2.480788958842197
9.360852856740502
3.1772632422372826
5.470942955124868
9.113262213570772
1.73316467064367
8.725909698727259
8.726009698727259
2.612204891492241
7.750551929915993
8.715166327627735
8.720803832107586
1.259592821144453
9.112962213570771
5.470175246436065
6.877232290978922
1.73316467064367
8.101981207485181
9.361252856740501
1.259592821144453
7.086244821511721
1.259592821144453
1.259592821144453
2.715003504792892
8.723852069176289
3.698425474599575
2.4816889588421973
8.725909698727259
7.745861723930631
8.726851345837398
10.661716194795934
1.73316467064367
1.259592821144453
1.7345558068185292
13.500278310014064
6.255566781081986
8.520474909697136
2.4957118776514893
5.470175246436065
5.47413787909602
1.73316467064367
6.248479407871129
8.524501321573567
8.51498407090514
2.4853651212599095
1.259592821144453
1.259592821144453
6.261044114406928
8.720903832107586
9.35676920082408
2.476868400800319
6.246443272942367
8.520601321573567
1.259592821144453
1.73316467064367
1.73316467064367
6.253966781081985
9.348169200824081
5.473680338664284
8.725351345837398
5.218156953684035
5.222609130471367
4.614186761274192
9.3606528567405
2.238815791846541
5.95565980476339
5.471867004701407
2.524433545670081
1.73316467064367
7.7598519299159925
8.729767317036345
1.259592821144453
8.725909698727259
5.250218645219159
1.73316467064367
1.259592821144453
1.259592821144453
1.73316467064367
5.249818645219159
2.4776899052149104
6.251921196560002
5.250099692206444
1.259592821144453
5.209810410540179
5.229752389961087
8.72190969872726
2.246997732027875
1.259592821144453
9.361252856740501
5.473680338664284
8.726009698727259
1.259592821144453
9.360852856740502
5.249818645219159
2.4814889588421973
9.3606528567405
9.363627174658241
9.361252856740501
1.73316467064367
1.7097584156903411
6.247143272942367
1.259592821144453
1.259592821144453
6.262007648393223
9.109816953314459
6.253421196560002
8.726951345837398
8.723752069176289
4.6069004665218145
8.726951345837398
7.551883176566336
6.247343272942366
5.140918645219159
9.366606635248742
6.24797940787113
1.73316467064367
5.218621681778198
9.113662213570771
5.473680338664284
8.726009698727259
8.719652069176288
8.726951345837398
8.726851345837398
8.719159929184427
8.726009698727259
8.725909698727259
8.524401321573567
1.73316467064367
5.4800338652530085
1.259592821144453
8.725909698727259
1.259592821144453
1.73316467064367
8.712807891943543
8.720903832107586
3.1356115945912393
8.723252069176288
1.73316467064367
8.726009698727259
6.24917940787113
8.06202047545802
8.505023789760386
8.726851345837398
8.50868407090514
3.701525269257711
1.259592821144453
8.51590929260296
8.50888407090514
1.259592821144453
10.661716194795934
13.500278310014064
2.4758449212732354
6.3570758180814355
1.259592821144453
14.053076362588232
1.259592821144453
3.998109880735124
9.113762213570771
5.474947497239818
7.7845289462094325
8.725809698727259
7.791380354223144
8.712807891943543
5.4768429551248685
8.714766327627736
5.248318645219159
5.473680338664284
1.73316467064367
8.714766327627736
2.234401444672799
8.07753411380085
1.259592821144453
1.259592821144453
5.473680338664284
8.060120475458021
7.7617671483747825
2.2424949953560045
6.8915089872354045
1.259592821144453
5.210019310716195
5.250099692206444
6.248579407871129
1.73316467064367
2.4465449212732353
1.259592821144453
7.100860234940254
9.360952856740502
5.47393787909602
5.231268854566125
7.79404138156026
9.359569200824081
5.2142638741288545
8.710666327627736
1.259592821144453
1.73316467064367
8.514484070905139
9.363627174658241
2.4383265217698082
9.361252856740501
1.73316467064367
1.259592821144453
1.259592821144453
9.361052856740502
8.712907891943543
9.112962213570771
5.978767905532592
8.51458407090514
6.345054234009585
5.249018645219159
8.726851345837398
8.51590929260296
1.259592821144453
1.259592821144453
8.501622531347667
8.51590929260296
1.259592821144453
9.366806635248741
8.725809698727259
2.4815889588421975
8.51590929260296
9.360452856740501
1.73316467064367
6.2503794078711294
8.726009698727259
9.361152856740501
6.247343272942366
8.51570929260296
9.360952856740502
9.36442717465824
8.06522047545802
8.726009698727259
1.259592821144453
8.726751345837398
8.726751345837398
1.259592821144453
6.257214692316646
1.259592821144453
5.473680338664284
8.726951345837398
2.8785758827065075
6.246943272942366
6.247243272942367
14.053076362588232
2.5236427127448704
13.500278310014064
5.22746207744694
2.52324271274487
6.178343627349269
5.2142638741288545
2.4842651212599094
6.2610136646467165
1.259592821144453
5.469775246436065
2.5277848746606786
2.4955118776514893
2.5005572475681945
9.361252856740501
2.5054619273195216
2.6080048914922407
1.259592821144453
8.712907891943543
1.259592821144453
6.253121196560002
7.540365974624022
5.473680338664284
8.712907891943543
5.154918645219159
5.470759434688778
1.259592821144453
5.2142638741288545
7.159914470769299
1.259592821144453
1.73316467064367
9.113662213570771
1.259592821144453
6.246843272942367
8.725909698727259
9.361252856740501
6.254866781081986
1.259592821144453
5.886792417614337
1.73316467064367
5.218621681778198
6.253421196560002
7.741351929915993
9.360952856740502
6.253321196560003
5.908102029710066
9.366106635248741
8.719052069176287
8.726851345837398
7.498344099084752
1.259592821144453
6.247243272942367
9.36442717465824
9.366806635248741
5.28189230311871
6.247343272942366
2.8672607954946203
6.249279407871129
8.51590929260296
2.474688958842197
2.477194354327532
9.361252856740501
1.259592821144453
1.73316467064367
2.4814889588421973
8.726851345837398
1.259592821144453
9.366606635248742
6.254066781081986
8.514484070905139
9.360552856740501
1.259592821144453
5.129118645219159
6.262814692316646
8.726851345837398
8.721603832107586
1.259592821144453
9.359469200824082
8.725909698727259
9.364127174658242
5.218621681778198
9.361152856740501
6.706702105366448
8.726851345837398
6.251121196560002
2.5350274077365134
3.1489828558864814
5.243815367690703
6.247343272942366
5.224028839353392
1.259592821144453
6.2526211965600025
6.261364994858764
1.259592821144453
1.73316467064367
9.366806635248741
6.2476432729423665
5.218621681778198
1.259592821144453
1.73316467064367
8.726751345837398
1.73316467064367
9.360852856740502
8.726851345837398
2.4951118776514893
1.73316467064367
1.259592821144453
1.259592821144453
14.053076362588232
13.500278310014064
3.699125269257711
8.070736893555544
8.721603832107586
3.3947142711411424
8.054533707952476
6.251121196560002
8.714666327627736
9.366606635248742
5.240425545427911
2.246997732027875
8.712807891943543
1.259592821144453
1.73316467064367
1.73316467064367
2.5282848746606787
5.224100191059022
1.259592821144453
1.73316467064367
9.366706635248741
9.359569200824081
7.785028946209432
8.720703832107587
1.7328646706436701
8.725909698727259
2.747893178640007
8.725909698727259
8.51580929260296
2.242678959805608
1.259592821144453
9.361052856740502
5.238727429292872
1.259592821144453
7.788228946209432
1.259592821144453
6.247043272942367
2.238515791846541
9.360552856740501
5.855599976734924
39.141
1.259592821144453
5.671427714111118
2.3331467414684566
0.4384731410477528
3.3901803386642833
3.3447378790960194
-0.9904071788555471
-0.9904071788555471
-0.9904071788555471
-0.9904071788555471
0.8225091304713672
2.029008086490188
-0.9904071788555471
-1.1227246710165422
1.41706467064367
-1.605110029374027
3.3901803386642833
-0.9904071788555471
-0.9904071788555471
-0.9904071788555471
-0.9904071788555471
1.8361157918465412
0.8185216817781976
3.852120232649944
0.21347540983606564
-0.9904071788555471
0.9896888230786566
4.465963867773907
-0.9904071788555471
-0.9904071788555471
-0.9904071788555471
0.9528185935098491
0.4384731410477528
-0.9904071788555471
0.8650725127360935
1.0938690556701611
1.41906467064367
-0.9904071788555471
-0.9904071788555471
0.5668549523796333
-0.9904071788555471
-0.9904071788555471
-0.9904071788555471
0.9555675472706802
0.7166180864047523
-0.9904071788555471
-0.9904071788555471
3.1429186452191593
-0.9904071788555471
-0.9904071788555471
1.0722721700181839
0.8362558595361568
1.095627429292873
-0.9904071788555471
0.8205638741288548
0.8440569536840357
-0.9904071788555471
-0.9904071788555471
1.41806467064367
-0.9904071788555471
1.108869055670161
0.5463580360273332
0.6497377102635775
-0.9904071788555471
2.0433572475681947
-0.9904071788555471
3.2336429551248687
-0.9904071788555471
-1.0303966868924177
3.3446501318245354
3.3901803386642833
-0.9265532306886672
2.2909186452191594
-0.9904071788555471
-0.9904071788555471
0.8185216817781976
-0.9904071788555471
-1.4481378713375208
-0.9904071788555471
-0.9904071788555471
-0.9904071788555471
0.19376848897821197
-0.9904071788555471
-0.9904071788555471
1.0741580710341472
-0.9904071788555471
3.3355091304713675
-48.49790699709011
3.3427378790960196
0.8096775701477176
-0.9904071788555471
-0.9904071788555471
1.0323582396124902
1.41806467064367
3.2069186452191594
-0.9904071788555471
-0.9904071788555471
-0.9904071788555471
-0.9904071788555471
-1.0609632160302929
-0.9904071788555471
-0.9904071788555471
1.854093910006899
3.3901803386642833
3.3355091304713675
-0.9904071788555471
-0.9904071788555471
3.396575246436065
1.848301444672799
-0.9904071788555471
-0.9904071788555471
0.26247540983606554
5.73470929260296
3.3925752464360652
1.41906467064367
3.396575246436065
3.395332562807301
6.260312924735395
-0.9904071788555471
3.3925752464360652
3.3925752464360652
1.41206467064367
3.852120232649944
3.3901803386642833
1.0890512883462975
1.4109365411016688
3.4022594346887773
1.41906467064367
-0.9904071788555471
-0.9904071788555471
-16.604906997090108
-0.9904071788555471
0.8312577428034589
-1.6004345500012267
-0.9904071788555471
-0.9904071788555471
-0.9904071788555471
-0.9904071788555471
-0.9904071788555471
0.4794698534787586
-0.9904071788555471
3.3901803386642833
-0.014110635199277022
2.0603175684221804
1.8460939100068994
1.1571355858093029
1.41906467064367
-0.9904071788555471
3.069820544216718
3.2259186452191595
1.41906467064367
0.8382577428034594
3.3901803386642833
3.0829186452191593
-1.7009069970901116
0.38942957615191487
0.823563874128854
-0.9755532306886672
3.730743627349269
-1.0319734782301915
-0.9904071788555471
4.465963867773907
0.4791149757193196
3.3901803386642833
1.3437584156903413
3.3901803386642833
-1.0129632160302928
2.405918645219159
-1.528906997090112
-1.1389348056928978
-1.0649632160302929
3.3901803386642833
3.3901803386642833
1.41606467064367
3.3447378790960194
3.30973127234699
3.268737847764745
3.3901803386642833
-1.1991986572912552
-1.1667747783318316
1.8349186452191597
-0.9904071788555471
6.131062213570773
2.4570483441177426
3.3437378790960195
-0.9904071788555471
3.2140258749639314
1.839463097105717
1.41606467064367
3.0380340711196934
-0.9904071788555471
3.3901803386642833
-0.9904071788555471
-0.9904071788555471
-0.6259734782301913
4.432221196560002
4.497013664646716
2.5099186452191593
-0.9904071788555471
-0.9904071788555471
3.3447378790960194
1.41906467064367
1.41906467064367
1.38906467064367
1.848301444672799
1.843078959805608
1.41906467064367
1.3853787417072425
1.41906467064367
1.849115791846541
1.3893971360625987
1.41906467064367
1.41906467064367
1.41906467064367
1.41906467064367
1.41806467064367
2.0273619273195216
3.3437378790960195
1.8460939100068994
3.4028167951426793
3.069820544216718
3.388367004701406
2.010570181135148
2.0603175684221804
0.8596453604768841
1.41906467064367
1.41606467064367
3.3447378790960194
1.0066276103612808
3.3901803386642833
1.41906467064367
3.3447378790960194
1.41906467064367
2.765209880735124
1.41906467064367
1.763364500396406
3.3901803386642833
-0.9904071788555471
3.3447378790960194
0.8185216817781976
0.850714382888863
1.41906467064367
6.260312924735395
3.396575246436065
6.131062213570773
3.396575246436065
-0.9904071788555471
-1.0851852925071135
2.0864289386853434
-0.9904071788555471
1.41906467064367
-1.1665210352256716
3.3901803386642833
2.0547118776514894
1.095627429292873
1.41906467064367
3.3925752464360652
3.343650131824535
-0.9904071788555471
1.849301444672799
3.3925752464360652
3.4022594346887773
3.25573127234699
-2.050979359931078
1.3893971360625987
2.764209880735124
3.117800466521815
3.208882271055109
5.82010969872726
-0.6976259960594763
3.2534667196988147
10.288087861182591
4.4142211965600024
0.8205638741288548
3.396575246436065
4.415013664646716
0.8255216817781982
2.054515521273595
3.2289186452191596
1.41906467064367
5.092122852757253
3.205349920722888
-0.9904071788555471
-0.9904071788555471
1.41906467064367
3.396575246436065
-1.185198657291255
3.3316429551248685
-0.9904071788555471
1.8669186452191597
-0.9904071788555471
3.3901803386642833
5.013980354223144
3.2219186452191595
3.2229186452191594
1.849115791846541
-0.9904071788555471
5.819752069176288
-0.8678972382110919
-0.577260581199678
3.400742063419246
3.0886616562379796
3.3447378790960194
3.3447378790960194
3.0719186452191596
-0.9904071788555471
3.3447378790960194
3.656702722403493
2.017755353774539
3.3447378790960194
-1.185198657291255
-0.9904071788555471
3.3447378790960194
1.41906467064367
3.3447378790960194
0.8382577428034594
1.41906467064367
1.41906467064367
3.3447378790960194
-1.1871919299580334
3.2955620265733243
1.836197732027875
6.260312924735395
3.387180338664283
6.131062213570773
3.075516205745668
1.4174558068185292
4.36177940787113
3.396575246436065
1.41906467064367
3.396575246436065
6.199069200824082
3.304642955124869
0.8205638741288548
-0.9904071788555471
3.3800474972398193
3.3437378790960195
-0.9904071788555471
3.388367004701406
3.2539186452191595
1.9479274077365134
6.229069200824083
-1.2071986572912552
3.3985164510097765
5.569122531347668
1.4085119411075848
3.2169186452191596
1.847301444672799
1.3823787417072424
5.821851345837398
3.4022594346887773
1.41806467064367
1.41906467064367
4.729531746900784
3.3901803386642833
-0.9069734782301915
1.41906467064367
4.878348777884738
3.3925752464360652
1.4099365411016687
-0.9904071788555471
3.3925752464360652
5.092122852757253
-0.9904071788555471
3.3901803386642833
10.288087861182591
2.1619186452191594
1.0743586991237315
-0.8409734782301916
-0.9904071788555471
-0.9904071788555471
0.8773726376728129
0.7090380164105093
4.473814692316646
3.3901803386642833
10.603585959114728
2.3032177003036547
3.3337378790960193
0.9305204142815404
1.095627429292873
0.8226061641247888
0.8523966478658327
5.73258407090514
5.036980354223144
2.2241401120399007
3.396575246436065
3.3447378790960194
1.2410525719939196
3.3901803386642833
2.4207247201036486
-0.9904071788555471
-0.9904071788555471
-1.192198657291255
3.382047497239819
-0.5851110411578027
1.1099042848507668
2.3421467414684565
1.41906467064367
4.389948173310308
3.3447378790960194
-0.9904071788555471
3.656702722403493
3.3901803386642833
1.41906467064367
1.41706467064367
-0.9904071788555471
1.8689186452191595
-0.9904071788555471
3.3447378790960194
3.3447378790960194
0.14959257851191288
3.3925752464360652
1.831496746454864
3.3447378790960194
3.3447378790960194
3.3901803386642833
3.3447378790960194
3.388367004701406
1.41906467064367
3.338509130471367
-0.9904071788555471
0.8185216817781976
-28.50233155330681
2.048711877651489
3.3447378790960194
2.0433572475681947
3.3447378790960194
6.260312924735395
4.419221196560002
6.229069200824083
5.200481207485182
3.396575246436065
1.41606467064367
3.337413358038474
3.3901803386642833
4.377221196560002
1.41906467064367
6.1280622135707725
3.3026429551248686
3.88514227307678
3.211408754270778
3.3901803386642833
0.8129227385731008
-45.62015619149276
2.333592163515049
5.718832497192364
5.82010969872726
5.820851345837399
3.3925752464360652
3.3865218220961992
-47.224833422085936
0.8255216817781982
-0.9904071788555471
-0.9904071788555471
1.41906467064367
4.743367148374782
5.8535078919435435
4.976907628151705
1.41906467064367
3.3681315542555184
5.18603411380085
5.242481207485182
4.466814692316646
6.231069200824082
-1.0890889339158187
6.2311271746582415
3.3901803386642833
1.829078959805608
10.603585959114728
10.288087861182591
5.842315592898715
3.3901803386642833
1.849301444672799
0.8185216817781976
4.8164677670187785
5.0098247533119675
2.7399186452191593
5.841359929184427
1.843078959805608
1.845115791846541
3.3901803386642833
5.144928946209433
3.064648394703519
2.684779298302938
3.1611862585960475
3.3901803386642833
2.629439002181639
-0.9904071788555471
4.508963867773907
1.848301444672799
4.727251929915992
1.41906467064367
0.7906338097075707
4.395779407871129
1.5314027681317581
0.18947510505829707
5.699707252146945
4.035549105107717
5.52870929260296
3.153000491746126
-0.9904071788555471
-1.185198657291255
3.656702722403493
3.3925752464360652
1.41906467064367
-0.9904071788555471
3.3901803386642833
0.8185216817781976
3.3925752464360652
1.41906467064367
1.41906467064367
1.3823787417072424
-0.9904071788555471
4.344779407871129
3.3925752464360652
3.3447378790960194
3.3901803386642833
1.41906467064367
3.3901803386642833
3.2049186452191596
3.4298044134686836
3.3901803386642833
-1.185198657291255
4.426814692316646
-1.185198657291255
-0.9904071788555471
6.260312924735395
6.2311271746582415
1.3853971360625987
5.573122531347668
3.400259434688777
1.849115791846541
2.039812904664554
-0.599467739274898
3.388367004701406
-0.9904071788555471
3.3901803386642833
1.41906467064367
1.8590939100068993
4.504013664646716
3.396575246436065
1.41906467064367
5.468122531347667
3.3681315542555184
5.844315592898715
3.3925752464360652
2.1109186452191593
5.824752069176288
5.827752069176288
3.7428974819535945
4.965724713903615
0.16200167161662374
-1.1896580343969916
2.0484084765652253
1.845496746454864
-0.9904071788555471
1.843078959805608
3.2099186452191595
2.5759621213145465
1.41806467064367
-0.28211705657436775
-47.2317586845006
-6.680331553306811
3.3447378790960194
3.3830474972398186
10.288087861182591
10.603585959114728
4.040390929896125
4.398779407871129
1.996268356552693
5.836359929184428
-0.6443438722050414
1.3823787417072424
4.77322137069713
3.951517978028236
4.379612839306863
1.41906467064367
-0.9904071788555471
3.205349920722888
4.538236556136434
1.3893971360625987
2.01886992070173
-0.9904071788555471
-0.9904071788555471
2.0368129046645542
-0.9904071788555471
-0.9904071788555471
3.413304813628514
8.318361833571444
3.2259186452191595
1.8384792874214342
3.2499186452191595
3.3447378790960194
3.205349920722888
0.8157132309349466
5.73358407090514
-0.9904071788555471
6.232312924735394
3.2783586991237317
-0.9904071788555471
5.31503411380085
1.41906467064367
3.1929186452191596
4.426814692316646
4.344779407871129
3.3901803386642833
3.207349920722888
1.843115791846541
1.9319186452191597
3.3643648204123173
2.9279186452191595
3.0259186452191593
3.283737847764745
3.1869186452191594
5.146439356661116
3.08505384861149
3.3781803386642832
3.3447378790960194
-0.9904071788555471
3.3901803386642833
3.2975764763197937
3.7501290275025014
4.273449776603085
3.3901803386642833
0.4384731410477528
1.41906467064367
3.3901803386642833
-1.2332336344179013
3.290737847764745
-0.9904071788555471
6.260312924735395
6.2311271746582415
5.839315592898715
1.41906467064367
4.805531746900784
3.396575246436065
3.3901803386642833
3.3915967340998674
3.3901803386642833
3.3901803386642833
1.40306467064367
-0.9904071788555471
3.400259434688777
-0.9904071788555471
2.006570181135148
4.22745980476339
1.41906467064367
4.464963867773907
-0.9904071788555471
2.5100142711411424
4.836980354223145
4.468814692316647
1.847115791846541
5.819851345837398
4.52281237046957
5.715584070905139
-0.22403396638918155
-5.538005540082592
3.944949527892303
10.288087861182591
10.603585959114728
5.818851345837398
3.3447378790960194
3.3901803386642833
4.381243272942367
1.41906467064367
3.4153686801567797
2.764209880735124
1.41906467064367
2.498169733801706
-0.717772843962906
4.992824753311968
3.325002905821684
5.822109698727259
2.0196079143953094
3.205349920722888
2.302728630751098
3.4553293135270007
3.663751739157763
5.819851345837398
4.750907628151705
3.291466719698815
3.1979186452191595
3.0907841241650478
-0.9904071788555471
3.8305373775233136
5.73670929260296
3.6946659295578383
-0.9904071788555471
2.029008086490188
-0.9904071788555471
3.3399011080034087
3.177761729984999
-1.587695108507759
1.9998427127448704
2.010607914395309
4.426566781081985
1.3813787417072425
4.481963867773907
4.838641381560261
-0.9904071788555471
3.1149011080034086
4.426814692316646
3.3901803386642833
1.41906467064367
1.7420789598056081
5.146439356661116
1.41906467064367
1.41906467064367
3.394332562807301
1.41906467064367
2.598039729490856
3.3901803386642833
1.3625326464330758
3.2935620265733245
-1.4936951085077597
3.315004314446147
3.2935842429281865
1.41906467064367
1.41906467064367
1.846301444672799
4.141100665528956
3.1329186452191595
3.3951344465633513
-0.9904071788555471
4.223929092850771
1.844496746454864
3.3447378790960194
1.41706467064367
-0.9904071788555471
6.260312924735395
6.2311271746582415
5.990505727121899
1.41606467064367
3.3447378790960194
5.73770929260296
5.69570929260296
5.64058407090514
2.2965980037130285
4.451221196560002
3.324004314446147
3.3085620265733247
5.7012237897603875
-0.9904071788555471
3.396575246436065
6.229069200824083
3.3901803386642833
5.834503832107586
4.398221196560002
4.484741947170616
-0.9904071788555471
3.6662824932722597
1.966081635665332
3.396575246436065
3.8924009009091614
5.826503832107586
3.3437378790960195
5.73670929260296
2.5646618079023566
6.238852856740502
3.3925752464360652
-0.9904071788555471
3.205349920722888
4.583207648393223
-0.9904071788555471
10.288087861182591
2.3032177003036547
10.603585959114728
-0.9904071788555471
5.8433155928987155
5.855507891943542
5.824503832107586
1.843078959805608
3.134952469572238
1.4119365411016687
-0.9904071788555471
5.249481207485182
3.388180338664283
6.238312924735395
5.623253947785838
3.1061855549865602
1.41906467064367
3.205349920722888
3.2259186452191595
3.3427378790960196
3.205349920722888
5.540270888428308
4.490814692316646
0.837983875390899
5.817851345837399
3.205349920722888
5.20732047545802
3.0755764571230677
5.774851345837398
-0.9904071788555471
5.7768513458373985
1.3793787417072425
3.0039186452191595
2.765209880735124
4.4675667810819855
-0.9904071788555471
-1.917023272616067
4.141100665528956
5.146439356661116
5.990505727121899
3.2692338652530077
3.3901803386642833
6.7180080910625035
4.072016066435801
3.2750340711196935
2.222728630751098
3.3447378790960194
3.292466719698815
3.3085842429281866
3.3901803386642833
3.2079186452191593
1.41906467064367
-0.9904071788555471
3.2935620265733245
3.2955620265733243
3.3447378790960194
3.281737847764745
1.41906467064367
1.41906467064367
1.845115791846541
-0.9904071788555471
-0.9904071788555471
3.395332562807301
2.435049630960198
-0.9904071788555471
4.284960234940254
6.260312924735395
1.131532646433076
5.73670929260296
6.238852856740502
1.4119365411016687
3.396575246436065
3.358979659449172
1.41906467064367
3.4015164510097766
3.205349920722888
5.643223789760387
1.4134558068185292
1.41906467064367
4.435566781081985
1.41906467064367
1.845115791846541
-0.9904071788555471
-0.9904071788555471
1.41906467064367
3.3150340711196935
1.41806467064367
-0.9904071788555471
4.417221196560003
3.396575246436065
1.844496746454864
4.420221196560003
1.41906467064367
5.447122531347668
1.4174558068185292
1.41906467064367
3.3447378790960194
3.2403586991237314
5.82010969872726
-0.9904071788555471
1.41706467064367
2.0413572475681945
2.01286992070173
10.288087861182591
10.603585959114728
2.028361927319522
2.043473483595073
2.0099725499654153
1.843078959805608
0.8825091304713677
3.3995164510097764
5.834359929184427
3.2259186452191595
-0.9904071788555471
4.3867794078711295
5.826752069176289
2.003433545670081
2.0547118776514894
-0.9904071788555471
5.855507891943542
5.73570929260296
0.7996104105401796
0.8236061641247892
3.107126357284364
-0.5690172747263547
3.3447378790960194
5.820851345837399
1.4174558068185292
1.41606467064367
0.848242383158966
6.135062213570772
3.8789702264343973
3.382332562807301
3.154044785408125
5.833359929184428
6.123123822250441
3.9660699316875503
3.396575246436065
6.260312924735395
6.238852856740502
2.039812904664554
3.396575246436065
-0.9904071788555471
0.823563874128854
5.846315592898716
3.3925752464360652
-0.6360172747263544
4.3947794078711295
1.853093910006899
-1.1821372179378864
4.439566781081986
10.116747025338942
1.50061524218237
4.955928946209433
-1.0168342234883838
1.4164558068185293
-0.43720065152137977
3.388367004701406
-0.11676234527585294
-0.9904071788555471
3.3431315542555184
1.41906467064367
-0.724855078726765
0.8666392112754414
5.73058407090514
3.4533293135270005
-0.6091348787400908
6.22750663524874
1.41906467064367
6.7180080910625035
3.3901803386642833
5.990505727121899
1.9398699207017298
4.2463448215117205
1.41906467064367
1.41906467064367
3.0886616562379796
4.3712235759571145
0.8185216817781976
3.3901803386642833
1.41906467064367
3.2840258749639317
4.011234393131316
3.3447378790960194
3.3447378790960194
1.41906467064367
1.9219050186154893
3.3437378790960195
1.8550939100068993
4.510644114406929
5.439740925267048
1.110869055670161
3.3447378790960194
0.8343151263057405
3.25873127234699
1.41906467064367
6.711008091062504
-0.9904071788555471
-0.9904071788555471
3.156228884421424
10.603585959114728
2.056593178640007
10.288087861182591
-0.9904071788555471
5.73258407090514
5.821851345837398
6.22550663524874
1.844496746454864
1.8421157918465412
3.2509186452191594
2.0167553537745393
4.379243272942366
3.329413358038474
0.8703212772617361
-0.9904071788555471
6.234852856740502
5.821851345837398
4.433814692316647
3.393575246436065
1.8600939100068992
-0.9904071788555471
1.4144558068185291
5.060310669954517
3.159482446316982
4.417221196560003
5.822752069176288
5.036928946209432
1.8600939100068992
6.726918476155891
-46.887048796709045
5.774851345837398
0.5073154494178416
5.854507891943543
5.740223789760387
6.13511695331446
5.874047716714752
1.41906467064367
1.3823787417072424
4.419963867773907
6.260312924735395
4.251151314141576
6.237312924735395
5.674674909697137
3.8238127504007817
10.116747025338942
3.8222123816353553
-1.8130232726160669
-1.637224231425467
4.099814692316646
0.8225091304713672
3.2367996922064433
1.8421157918465412
1.4174558068185292
3.396575246436065
2.0547118776514894
4.367243272942367
6.230127174658242
3.3901803386642833
6.088116953314461
3.396575246436065
1.0540020894151003
6.22550663524874
5.821752069176288
3.374979659449172
4.429566781081985
4.372779407871129
3.3901803386642833
1.41906467064367
3.3447378790960194
5.73470929260296
6.7180080910625035
1.41906467064367
1.41906467064367
10.288087861182591
-0.9904071788555471
3.3971344465633515
5.731801321573566
3.3447378790960194
3.4253293135270004
-0.9904071788555471
4.497013664646716
-0.9904071788555471
1.6411182971899068
3.5952696975191984
4.455814692316647
2.499451111096724
1.41906467064367
0.8028647466813211
0.8225091304713672
4.257353718883161
4.2386365171304625
4.456814692316646
1.41906467064367
0.8322577428034592
6.773586695495786
4.379243272942366
2.0413572475681945
3.396332562807301
4.4142211965600024
0.8312577428034589
0.8201629734652571
3.050576457123068
2.028361927319522
-0.9904071788555471
6.726918476155891
10.603585959114728
4.39777940787113
1.7272922832797495
6.235852856740502
5.82010969872726
4.421221196560002
3.2795620265733247
-0.9904071788555471
3.3560029058216836
6.225312924735395
4.419221196560002
3.750417773179772
5.588270888428308
3.355816795142679
3.2389186452191594
-0.9904071788555471
5.819109698727259
2.014607914395309
2.8339186452191596
6.22050663524874
-0.9904071788555471
6.233069200824082
-0.9904071788555471
2.3244780653646036
3.3901803386642833
1.845496746454864
5.81810969872726
3.3948167951426793
-0.9904071788555471
6.2261271746582425
0.7348705527451549
2.0603175684221804
3.3942594346887773
6.235852856740502
6.726918476155891
-0.9904071788555471
0.7200397673723326
3.2279186452191593
-0.9904071788555471
1.3957770869306079
-0.9904071788555471
5.8171096987272595
-0.9904071788555471
5.6877092926029595
-0.9904071788555471
1.847301444672799
6.230069200824082
1.849115791846541
1.41906467064367
6.230069200824082
2.039812904664554
-0.9904071788555471
-0.9904071788555471
3.3901803386642833
4.23595707109244
-0.9904071788555471
1.41906467064367
1.3833787417072425
1.4134558068185292
3.2259186452191595
5.617270888428308
6.773586695495786
1.41906467064367
4.171619459339249
5.721223789760387
6.7180080910625035
4.407814692316647
3.3643648204123173
3.8107701913294654
-0.9904071788555471
2.078090073416944
1.41906467064367
3.0009186452191594
1.9667848746606786
-0.9904071788555471
3.3643648204123173
3.2561537173986124
3.2359186452191593
3.0889186452191595
3.3437378790960195
3.2750340711196935
3.2571537173986123
-0.9904071788555471
3.2259186452191595
6.115826964099917
4.126432290978922
2.043473483595073
3.2917378790960194
-0.9904071788555471
5.73358407090514
10.603585959114728
10.288087861182591
3.946441031959714
2.298217700303655
0.8322577428034592
3.438218308073327
4.396779407871129
-0.9904071788555471
1.40106467064367
3.0866616562379794
3.3925752464360652
-0.9904071788555471
3.963521268713807
1.409511941107585
3.2259186452191595
1.846301444672799
3.7334177731797715
4.401779407871129
3.2279186452191593
1.843078959805608
-0.9904071788555471
3.433218308073327
-0.9904071788555471
3.2289186452191596
1.840197732027875
3.220901108003409
2.037812904664554
5.73870929260296
5.73870929260296
5.71870929260296
6.743014732981165
3.1414824463169824
1.3915321103589213
-0.9904071788555471
3.4553293135270007
5.73470929260296
3.431804413468684
3.3901803386642833
3.324034026119601
5.850366327627736
3.3643648204123173
3.3447378790960194
4.927251929915993
6.743014732981165
4.516814692316647
3.2219186452191595
-0.9904071788555471
3.396575246436065
4.14447849763207
1.41906467064367
4.257449776603085
6.034040520552151
1.3114886128849763
1.41906467064367
6.056324553438282
3.2581537173986126
6.815315017792022
3.419159046886481
3.8608771203481487
1.41906467064367
3.3901803386642833
6.773586695495786
6.7180080910625035
1.41906467064367
1.41906467064367
1.41906467064367
1.41906467064367
3.343650131824535
5.825047716714751
1.41906467064367
4.1693909298961245
1.41906467064367
-28.50233155330681
1.9607848746606789
2.017755353774539
1.9913619273195216
3.3447378790960194
3.3130340261196007
4.223929092850771
3.342413358038474
4.306929092850771
6.5804139044290615
4.123432290978922
4.243449776603085
3.1079186452191596
5.73470929260296
4.249812750400782
3.8247701913294656
3.3447378790960194
5.806507891943543
3.2770340711196932
3.3925752464360652
4.374243272942367
3.1367382010469176
10.603585959114728
10.288087861182591
-0.9904071788555471
5.742223789760387
-0.9904071788555471
4.394963867773908
1.41906467064367
-1.5106951085077591
-0.9904071788555471
-0.9904071788555471
3.1769186452191596
6.241312924735395
4.40077940787113
4.420221196560003
-0.9904071788555471
-0.9904071788555471
6.242852856740502
6.241127174658241
3.3901803386642833
2.0303619273195217
-0.9904071788555471
-0.9904071788555471
2.0547118776514894
3.395332562807301
3.4022594346887773
4.4515667810819854
3.396575246436065
4.376243272942366
5.821851345837398
5.6207072521469446
2.669034071119693
5.740832497192364
5.734584070905139
1.736649510997917
5.819109698727259
3.3329011080034086
3.206349920722888
3.3447378790960194
4.428221196560002
5.820752069176288
6.224312924735395
5.820367317036345
4.616353718883161
6.228506635248739
6.8113150177920225
1.843078959805608
3.388367004701406
5.821851345837398
6.242852856740502
6.815315017792022
3.145516205745668
4.448566781081985
3.388367004701406
1.7160615692365366
6.17750663524874
4.423744099084752
4.801251929915992
-0.9904071788555471
6.22550663524874
-0.9904071788555471
3.3925752464360652
5.646223789760387
2.0489913736146943
6.524275832960778
-0.9904071788555471
4.8368247533119675
4.462566781081986
4.471814692316646
3.328413358038474
6.773586695495786
3.0559186452191596
3.2529186452191596
10.288087861182591
5.6877092926029595
3.2489186452191596
4.39077940787113
1.3630525719939197
1.41906467064367
1.41906467064367
-47.497676788713896
5.811507891943544
3.3130340261196007
1.41906467064367
-0.9904071788555471
1.41906467064367
2.107027263546451
3.3901803386642833
3.3901803386642833
3.3742594346887773
1.4139365411016687
1.41906467064367
-0.9904071788555471
4.14147849763207
1.41906467064367
5.851507891943543
1.843115791846541
1.1571355858093029
0.8225091304713672
3.1752288844214243
3.419159046886481
1.998268356552693
-0.9904071788555471
3.0860213723591796
-0.9904071788555471
4.383779407871129
2.056711877651489
3.290584242928187
1.3833787417072425
3.3447378790960194
6.22150663524874
3.328413358038474
-0.9904071788555471
5.831359929184427
6.8113150177920225
1.41906467064367
10.603585959114728
4.460566781081985
2.0008427127448702
4.375243272942367
2.0507118776514894
6.22250663524874
1.3903971360625986
3.3925752464360652
5.24303411380085
2.053711877651489
1.7386495109979172
5.698223789760387
-0.9904071788555471
2.028361927319522
-0.9904071788555471
1.849301444672799
4.449566781081986
-0.9904071788555471
1.847115791846541
5.743223789760387
6.231852856740502
-0.9904071788555471
1.41906467064367
3.7441076829248434
1.846301444672799
2.708209880735124
4.444566781081985
6.215506635248739
-0.9904071788555471
1.7160615692365366
3.334413358038474
0.4384731410477528
0.4384731410477528
4.745531746900784
4.801251929915992
2.765209880735124
3.388367004701406
3.3925752464360652
0.4384731410477528
1.4144558068185291
0.703503031740326
0.5267966312105323
0.8574549809372423
4.835824753311968
3.6847999767349235
3.396575246436065
4.375432290978923
1.41906467064367
3.2975620265733245
6.773586695495786
4.523038984089357
6.22150663524874
3.2109186452191594
3.2472338652530075
3.1255042682984198
4.469814692316646
4.246091342162743
5.24770929260296
6.223852856740502
3.3437378790960195
-0.9904071788555471
0.8255091304713673
-0.9904071788555471
5.69670929260296
3.3901803386642833
6.623413904429062
1.0662721700181839
3.3437378790960195
3.2519186452191593
4.370243272942367
6.104505727121899
2.2663906669827125
3.99206993168755
3.3093586991237314
5.731584070905139
-0.9904071788555471
4.461814692316646
1.9998427127448704
2.0024335456700806
-0.9904071788555471
5.840905620196326
1.7386495109979172
4.488963867773907
10.288087861182591
10.603585959114728
3.315737847764745
4.729367148374782
3.835539351742643
3.3110258749639314
3.907325899171836
-0.9904071788555471
3.3925752464360652
-0.9904071788555471
2.015607914395309
6.232069200824083
3.3925752464360652
5.715584070905139
6.22350663524874
3.3901803386642833
3.3447378790960194
5.776752069176288
1.3803787417072426
-0.9904071788555471
-0.9904071788555471
7.097841771577727
5.854507891943543
5.822851345837398
2.007646809294175
3.3901803386642833
6.792657803179264
-0.9904071788555471
2.0459913736146946
3.1278004665218146
6.231312924735395
3.2389186452191594
5.78210969872726
-0.009870159695411301
-0.9904071788555471
6.234852856740502
4.421221196560002
3.9430421261703086
-0.5791110411578024
3.388367004701406
0.5117758349701014
-0.9904071788555471
-0.9904071788555471
-0.9904071788555471
4.3947794078711295
3.3901803386642833
4.179549105107717
-0.9904071788555471
6.773586695495786
6.623413904429062
2.973489096620112
3.2620340711196936
1.41706467064367
4.279814317461429
-0.9904071788555471
2.3323273766783643
3.3427378790960196
1.41906467064367
3.347521822096199
4.71722137069713
1.41906467064367
1.3113832621890893
4.256449776603085
3.342650131824535
3.328413358038474
3.342650131824535
3.287167724635691
3.3437378790960195
3.153000491746126
1.41906467064367
1.110869055670161
-0.9904071788555471
3.8017701913294655
5.777069200824083
-0.9904071788555471
-1.4846951085077593
3.1689186452191596
7.097841771577727
6.234852856740502
-0.9904071788555471
3.370131554255518
3.2429186452191594
2.026008086490188
5.26703411380085
3.388367004701406
1.41906467064367
3.3925752464360652
0.8007562719047839
-0.9904071788555471
1.4174558068185292
2.0008427127448702
0.8185216817781976
3.102952469572238
5.730674909697137
-0.9904071788555471
5.234136893555545
-0.9904071788555471
3.3901803386642833
1.2181746741090718
3.3478678558633352
3.396575246436065
5.731801321573566
1.6308224309418136
-28.37733155330681
5.167348777884738
4.372243272942367
3.6332769221523513
3.3447378790960194
10.603585959114728
5.777851345837398
3.8211712833336486
10.288087861182591
3.7464177731797714
1.857093910006899
4.371243272942367
5.696223789760387
3.6622824932722597
3.379047497239819
3.396425110035463
5.861736282111907
-0.9904071788555471
2.503049630960198
5.822851345837398
2.2804777538755445
3.205349920722888
5.658223789760386
3.2259186452191595
-0.9904071788555471
6.228506635248739
1.41606467064367
3.388367004701406
4.380243272942367
6.81151016675939
5.820851345837399
0.8225091304713672
-0.9904071788555471
-0.9904071788555471
3.3287378790960194
6.236312924735395
3.368332562807301
6.1860692008240825
5.709270888428309
5.844366327627736
6.225312924735395
0.8523966478658327
4.888907628151705
4.895367148374782
5.26603411380085
5.731801321573566
6.234852856740502
3.6084531740799077
-1.1874256174997102
3.1609186452191596
4.452814692316647
-0.9904071788555471
3.0159186452191595
4.3867794078711295
0.8678367110338482
1.8289186452191595
-0.9904071788555471
4.886824753311968
2.001784874660679
0.7870025902544173
5.795752069176288
-0.9904071788555471
-0.9904071788555471
-0.9904071788555471
3.3925752464360652
6.232069200824083
6.2421271746582425
5.326310669954517
6.81151016675939
5.733674909697137
6.773586695495786
3.3901803386642833
3.256233865253008
3.059516205745668
3.2331537173986122
0.8639193107161943
5.73670929260296
0.8225091304713672
5.822851345837398
4.372223575957114
1.41906467064367
4.223929092850771
1.3863787417072424
1.41906467064367
3.874194850717601
4.624754389968701
5.731801321573566
1.41906467064367
5.820851345837399
6.235852856740502
6.22650663524874
1.41906467064367
1.41906467064367
1.3605326464330756
3.274737847764745
3.3130340261196007
5.8091096987272595
4.19145980476339
1.41906467064367
4.471814692316646
5.73658407090514
7.167576548602446
3.1876060118714427
1.847301444672799
5.850366327627736
1.4134558068185292
6.232312924735394
3.1069186452191593
2.0413572475681945
10.603585959114728
4.374243272942367
10.288087861182591
6.229852856740502
-0.9904071788555471
-0.9904071788555471
-1.203128941573895
3.3901803386642833
1.998268356552693
-0.9904071788555471
3.388180338664283
3.2736429551248687
2.017755353774539
2.018755353774539
2.0008427127448702
3.3901803386642833
4.6300389840893565
2.0547118776514894
0.8423361747303444
1.0647561630287996
3.0674890966201125
5.731674909697137
3.1398004665218147
1.3853787417072425
4.577207648393223
1.849301444672799
1.4139365411016687
3.3258678558633354
-0.9904071788555471
5.8171096987272595
-1.8200232726160666
3.4005164510097767
-1.185198657291255
5.8171096987272595
1.41906467064367
3.2369186452191596
1.41906467064367
3.1637841241650473
6.2421271746582425
6.235852856740502
4.372243272942367
0.7200397673723326
3.7538974819535946
6.2580783464439325
3.514234393131316
4.97764138156026
0.697107669116579
3.3901803386642833
-0.9904071788555471
5.821851345837398
1.4105119411075848
4.411221196560002
5.8585078919435425
4.477963867773907
5.22703411380085
4.735038984089357
6.244127174658241
-0.9904071788555471
4.377814692316646
5.73670929260296
5.73770929260296
-0.9904071788555471
2.7073631726786607
6.23750663524874
3.2259186452191595
1.41906467064367
3.0740920328735326
6.773586695495786
4.421566781081985
6.81151016675939
3.3447378790960194
2.9845764571230675
4.4465667810819856
1.41906467064367
1.41906467064367
4.425221196560002
5.818851345837398
1.41906467064367
1.41906467064367
0.7939583398671178
3.262466719698815
0.8277427260777701
5.227136893555545
4.269929092850771
3.329413358038474
4.489013664646716
3.274584242928187
5.82410969872726
2.503725269257711
1.41906467064367
5.234136893555545
3.3693325628073008
-0.9904071788555471
4.507963867773907
3.2645842429281866
0.8225091304713672
-0.9904071788555471
2.333592163515049
4.398779407871129
3.2580340711196936
6.131123822250442
2.006570181135148
10.288087861182591
10.603585959114728
2.333592163515049
0.8411202835269636
2.0243175684221804
3.2570340711196932
1.4104558068185291
4.40077940787113
5.679674909697137
5.668270888428308
2.020008086490188
3.3447378790960194
3.368640290455874
4.396779407871129
2.0303619273195217
4.517814692316646
2.3431467414684564
3.1489524695722384
4.871824753311968
6.231312924735395
-0.9904071788555471
3.1744824463169823
4.483064994858764
3.2816429551248687
4.374243272942367
-0.9904071788555471
0.7413629311073474
5.741223789760387
1.3843787417072426
3.3447378790960194
3.3447378790960194
1.41906467064367
3.2369186452191596
4.3825667810819855
1.41906467064367
1.41906467064367
5.821851345837398
5.8585078919435425
4.446779407871129
3.1489524695722384
5.838503832107586
-0.9904071788555471
4.35777940787113
3.2259186452191595
3.396332562807301
3.3910391945071163
-0.9904071788555471
0.9556274292928724
5.739122531347668
3.2259186452191595
6.200852856740502
1.41906467064367
5.749047716714752
6.2580783464439325
6.773586695495786
4.223929092850771
1.41906467064367
2.8179186452191596
3.2519186452191593
-0.9904071788555471
2.6684524488217582
3.3437378790960195
-0.9904071788555471
0.8719193107161943
1.41906467064367
0.8226061641247888
3.059516205745668
5.81810969872726
1.41906467064367
1.41906467064367
4.951306346944841
3.085800466521815
3.329413358038474
3.3901803386642833
1.41906467064367
5.847315592898715
1.3803787417072426
3.388367004701406
3.388367004701406
5.7928513458373985
2.5154538860434843
3.3447378790960194
1.41906467064367
10.603585959114728
10.288087861182591
1.41906467064367
3.206349920722888
2.030008086490188
3.395575246436065
4.4465667810819856
3.1968004665218146
3.1955454234736007
4.561744099084752
6.143283383535958
5.372904868509552
1.41906467064367
5.847366327627736
3.5908924176143366
5.696122531347668
3.206737847764745
-0.9904071788555471
2.0547118776514894
3.1909186452191594
4.376243272942366
6.1940692008240825
1.849115791846541
2.466825474599575
2.072070558614416
5.28932047545802
0.8775157741643409
3.269737847764745
2.8939186452191596
4.438566781081985
3.2732338652530077
3.359028605677502
1.847301444672799
1.3853971360625987
5.818851345837398
-0.9904071788555471
3.3186429551248686
-0.9904071788555471
5.73470929260296
4.398779407871129
4.479963867773907
3.3447378790960194
-0.9904071788555471
4.371243272942367
3.1745117497400526
3.3447378790960194
5.8355038321075865
6.224312924735395
6.1940692008240825
5.371904868509552
-0.9904071788555471
6.200852856740502
3.1229186452191593
1.3883971360625986
3.2109186452191594
4.364814692316646
3.3901803386642833
-1.19464176038751
-0.9904071788555471
3.2259186452191595
3.366521822096199
1.1092989602210546
3.388367004701406
3.1079186452191596
1.41906467064367
6.424214960878279
6.22450663524874
3.0733464150272933
6.22250663524874
1.3957770869306079
2.530661807902357
3.672177063909746
-0.9904071788555471
6.146557070080668
3.2259186452191595
4.398221196560002
3.2539186452191595
6.767599879721241
1.853093910006899
1.7386495109979172
3.2742338652530076
5.847315592898715
3.2519186452191593
6.773586695495786
3.24873127234699
1.41906467064367
4.480207648393223
1.41906467064367
2.388049630960198
4.180008488145904
3.2454667196988147
5.8203663276277355
1.41906467064367
3.281868441272543
4.395963867773907
3.3901803386642833
6.16350663524874
4.2664497766030856
3.3447378790960194
4.368064994858764
4.290814317461428
1.41906467064367
5.78350663524874
3.3901803386642833
3.370575246436065
1.846301444672799
10.603585959114728
3.2189186452191594
1.41906467064367
6.232069200824083
10.288087861182591
1.41906467064367
4.5009638677739074
4.977928946209432
-0.9904071788555471
3.3447378790960194
5.798851345837399
2.001784874660679
-0.9904071788555471
2.333592163515049
1.41906467064367
4.502963867773907
-0.9904071788555471
5.68570929260296
0.7001076691165791
4.398779407871129
1.3885321103589212
-0.9904071788555471
2.308598003713028
3.221799692206443
6.203312924735394
5.7222237897603865
1.853093910006899
3.3447378790960194
5.613122531347668
4.971928946209433
1.41906467064367
3.4022594346887773
6.240852856740501
3.3447378790960194
6.240852856740501
5.738674909697137
-0.9904071788555471
4.3947794078711295
1.847301444672799
2.7652563817094236
3.439521822096199
5.353040152386979
6.0961238222504415
5.818367317036346
6.22450663524874
6.240852856740501
-0.9904071788555471
5.809366327627735
5.825752069176287
-0.9904071788555471
4.374064994858764
-0.5927070927691662
3.0555495443992107
-1.8340232726160668
5.67258407090514
-0.9904071788555471
4.872824753311967
-0.9904071788555471
3.396575246436065
3.0900920328735326
5.576122531347668
4.38177940787113
-0.5768550787267649
2.5348254745995753
3.396575246436065
6.426214960878279
4.403221196560002
-0.9904071788555471
4.899980354223144
-0.9904071788555471
0.7454609050935177
6.23650663524874
1.41906467064367
6.16350663524874
6.773586695495786
3.328413358038474
6.716008091062504
3.342650131824535
4.479207648393223
3.2539186452191595
4.21089645281894
5.663223789760387
3.8017701913294655
1.9539085781938963
6.127557070080668
4.097208987235405
4.223929092850771
4.330243272942367
3.9752343931313163
3.3427378790960196
6.095123822250441
4.18745980476339
6.709008091062504
4.149100665528957
3.3437378790960195
3.2289186452191596
-0.25638911809642956
5.819851345837398
-0.9904071788555471
6.2185066352487395
3.2259186452191595
3.264642955124869
3.163482446316982
10.603585959114728
10.288087861182591
5.854507891943543
3.078349920722888
1.728649510997917
5.777851345837398
0.8639193107161943
2.6559186452191597
5.73658407090514
5.847366327627736
2.765209880735124
1.4105119411075848
2.001784874660679
5.830359929184428
3.10518555498656
0.8035033204639752
2.0095701811351483
3.134952469572238
6.273592185859913
0.8612975512990928
3.1909186452191594
1.848301444672799
3.3447378790960194
2.028361927319522
2.001784874660679
5.776367317036345
1.4134558068185292
3.2289186452191596
3.1171801585814864
0.4100025902544173
3.390039194507116
1.853093910006899
-0.9904071788555471
1.41906467064367
4.457566781081985
3.9578771203481486
3.3447378790960194
3.205349920722888
4.457814692316646
3.342650131824535
5.765367317036345
6.773586695495786
6.716008091062504
3.2600258749639317
3.3427378790960196
3.3437378790960195
5.385286344244034
1.41906467064367
4.1693909298961245
0.5357966312105327
3.776232474441885
4.436779407871129
5.67811695331446
4.519939121240877
6.182214960878279
3.2891537173986123
4.394223575957114
3.1164667196988147
3.3447378790960194
4.257960234940254
4.1941513141415765
4.408814692316646
4.395779407871129
1.41906467064367
1.0908195750382301
6.554413904429062
4.4769638677739065
6.201127174658242
3.0820213723591796
2.0547118776514894
3.330413358038474
-1.8050232726160669
6.426214960878279
6.23750663524874
5.341904868509553
10.288087861182591
5.784851345837398
6.23750663524874
4.429221196560002
2.015607914395309
4.392779407871129
3.9422613688421966
4.376243272942366
3.205349920722888
5.820851345837399
3.3437378790960195
-0.9904071788555471
-0.9904071788555471
1.3853971360625987
4.929980354223145
1.41906467064367
3.252737847764745
0.18947540983606562
5.783851345837398
3.1679186452191592
-0.5640172747263548
3.396575246436065
6.206069200824083
1.41906467064367
2.072070558614416
4.486013664646716
0.8386366054141807
3.807620370444911
4.79322137069713
1.41906467064367
6.240852856740501
5.743832497192363
-0.6660853988656843
3.3447378790960194
3.3800474972398193
3.1609186452191596
4.443221196560002
4.7981617239306305
4.445566781081985
6.273592185859913
3.1729524695722384
2.01886992070173
-0.9904071788555471
10.603585959114728
5.73670929260296
-0.9904071788555471
-0.9904071788555471
3.330002905821684
3.2409186452191596
4.479038984089357
3.205349920722888
3.2303361747303443
2.3265921635150493
2.029361927319522
3.133228884421424
5.724223789760387
2.0014335456700807
3.3447378790960194
4.456236556136434
2.904148637156783
5.839359929184427
5.288122852757253
5.737707252146945
-47.53509094910348
-0.5896259960594766
-0.6256584373378978
5.783851345837398
6.426214960878279
-0.9904071788555471
5.847366327627736
3.3901803386642833
-0.9904071788555471
5.852507891943543
5.731801321573566
-0.9904071788555471
-0.7741820652421381
3.3480474972398193
3.2089186452191596
5.817752069176288
5.304481207485183
0.6704471280406015
3.396575246436065
0.8195638741288545
2.020090073416944
5.68570929260296
4.427221196560002
1.0593006114257906
5.794315592898715
-0.9904071788555471
5.73258407090514
4.473814692316646
5.7375840709051396
3.343650131824535
2.4688421618887304
6.773586695495786
6.716008091062504
3.3643648204123173
4.238171790313661
3.343650131824535
4.112068953041718
3.328413358038474
2.9744890966201125
3.3447378790960194
3.1661862585960474
3.272004314446147
4.233171790313661
-0.9904071788555471
3.3130340261196007
3.3901803386642833
4.265171790313661
1.0890512883462975
3.235025874963932
3.3901803386642833
1.41906467064367
-0.9904071788555471
4.249449776603085
4.254929092850771
6.711008091062504
1.0663586991237315
3.2330258749639316
3.8090421261703087
1.41906467064367
3.2694667196988147
3.057062751366256
3.392039194507116
3.2009186452191596
6.76173057500457
-0.9904071788555471
10.603585959114728
2.028361927319522
10.288087861182591
-0.9904071788555471
1.41906467064367
2.072070558614416
-0.9904071788555471
6.22450663524874
5.73770929260296
1.67317486533103
3.205349920722888
1.41906467064367
5.73670929260296
4.411221196560002
-0.9904071788555471
2.002646809294175
2.7642563817094237
4.792907628151705
1.41906467064367
3.322650131824535
-1.2245723844620326
6.22350663524874
1.845496746454864
6.127123822250441
2.2801392047947413
-0.9904071788555471
3.278868441272543
-0.27046737327356424
4.436566781081986
5.685801321573566
3.9229702264343973
2.614039729490856
4.40377940787113
5.73670929260296
6.42606204503875
4.957724713903615
-0.9904071788555471
1.501381884212039
-0.9904071788555471
6.127123822250441
-0.9904071788555471
6.426214960878279
2.0953943543275324
4.494963867773907
5.7795038321075864
5.8355038321075865
1.41906467064367
0.7927496299576429
4.4142211965600024
4.453814692316646
-0.9904071788555471
4.38777940787113
5.8248513458373985
4.418221196560002
4.375243272942367
-0.9904071788555471
5.731584070905139
0.8129227385731008
3.366364820412317
6.773586695495786
6.76173057500457
4.268353718883161
1.41906467064367
4.256449776603085
3.3447378790960194
1.41906467064367
6.129123822250441
1.0703563473761435
4.18645980476339
3.281868441272543
6.647008091062504
1.41906467064367
3.328413358038474
3.2440340711196933
4.742690632608592
5.776312924735395
3.882194850717601
6.571942948414629
3.312004314446147
3.288642955124869
3.249697027148793
6.023826964099918
4.18645980476339
3.2760340711196934
0.9346043745690922
1.1746563915850703
1.38906467064367
4.28034482151172
4.14347849763207
-0.9904071788555471
3.122446016389827
3.329413358038474
-0.9904071788555471
2.7578625357302524
5.070907628151705
-0.9904071788555471
10.603585959114728
10.288087861182591
0.8333151263057401
-0.5325532306886671
3.2159186452191593
5.8171096987272595
-0.9904071788555471
5.660223789760387
5.73470929260296
3.388367004701406
4.889824753311968
1.3863787417072424
3.314004314446147
2.7704576188121397
2.618039729490856
-0.9904071788555471
3.3447378790960194
6.150557070080668
-0.9904071788555471
3.263413358038474
-0.9904071788555471
-0.9904071788555471
5.81810969872726
1.41906467064367
3.2506382014667174
-2.153906997090112
5.851366327627735
-0.9904071788555471
3.3377378790960193
-0.9904071788555471
3.2509186452191594
5.817367317036345
-0.9904071788555471
2.028361927319522
5.832503832107586
0.8292558595361562
4.441566781081985
2.018755353774539
3.2685764763197938
3.1734945864100728
-0.9904071788555471
5.73258407090514
1.41906467064367
1.41906467064367
3.366364820412317
4.141668315186486
6.76173057500457
6.773586695495786
1.41906467064367
1.41906467064367
1.41906467064367
6.82273057500457
5.654232614067425
1.41906467064367
4.2003336203646375
1.41906467064367
-0.9904071788555471
3.342650131824535
4.407221196560003
3.328413358038474
1.41906467064367
3.343650131824535
3.343650131824535
1.7214967464548638
3.055516205745668
1.41906467064367
6.239062045038749
-19.408331553306812
1.41206467064367
3.3643648204123173
4.436779407871129
2.0547118776514894
3.2945620265733244
1.41906467064367
4.183732006798648
3.2466970271487927
1.9563826214029723
3.3447378790960194
-0.9904071788555471
4.235171790313661
6.620008091062504
4.158432290978922
4.235171790313661
5.432904868509552
3.4015164510097766
4.804367148374782
-1.0103966868924177
4.418566781081985
5.847366327627736
5.731584070905139
10.288087861182591
10.603585959114728
-0.9904071788555471
6.243127174658242
0.8167404157803836
4.357243272942367
5.73670929260296
3.2259186452191595
4.488013664646716
4.992641381560261
3.3901803386642833
7.463841771577727
5.73470929260296
4.382243272942366
1.0867092864568584
-0.9904071788555471
-0.9904071788555471
1.4129365411016686
3.3901803386642833
-0.9904071788555471
4.632183176566336
3.6667517391577626
3.3447378790960194
0.8205238806372761
0.7348705527451549
1.41906467064367
-0.9904071788555471
5.816367317036345
-1.5536951085077593
-0.9904071788555471
0.8077633208443064
-0.9904071788555471
3.3447378790960194
6.807236694218319
2.2871828558864817
-0.9904071788555471
5.66658407090514
-0.9904071788555471
6.125062213570772
6.22350663524874
1.41906467064367
4.149967659083564
2.01586992070173
1.849301444672799
3.3901803386642833
6.82051016675939
1.41906467064367
5.73570929260296
1.415455806818529
-0.9904071788555471
5.8171096987272595
5.721223789760387
3.358596734099868
3.859877120348149
6.82273057500457
6.773586695495786
0.8225091304713672
4.246171790313661
3.052062751366256
3.3565218220961994
3.0585162057456676
3.839068575576522
3.0775867612741927
1.41806467064367
0.9144754098360657
-0.9904071788555471
-0.9904071788555471
1.41906467064367
1.41906467064367
4.212171790313661
-0.9904071788555471
1.41906467064367
3.2885842429281866
4.624754389968701
4.230449776603085
5.79150663524874
3.154359229123464
-0.9904071788555471
5.882078346443932
1.41906467064367
1.41906467064367
3.059516205745668
4.405814692316646
1.41906467064367
3.3447378790960194
1.41806467064367
1.41906467064367
3.1200817743136553
1.819078959805608
1.41906467064367
3.6258870031817727
1.9239050186154891
4.275948173310308
-0.9904071788555471
5.789127174658241
1.41906467064367
3.1314460163898272
6.003040520552151
5.819752069176288
6.124123822250441
2.517725269257711
10.603585959114728
10.288087861182591
-0.9904071788555471
3.205349920722888
3.3447378790960194
4.576207648393223
1.853093910006899
3.317413358038474
3.381047497239819
-0.9904071788555471
1.41906467064367
0.8129227385731008
1.4119365411016687
3.2509186452191594
1.3893971360625987
8.474311723822474
1.3945321103589214
-0.9904071788555471
5.659223789760387
2.508379726354601
1.41906467064367
-0.9904071788555471
5.828503832107586
3.2790391945071162
0.4384731410477528
3.3925752464360652
6.6890183918246935
-0.9904071788555471
6.242312924735395
4.459814692316646
5.73670929260296
1.41906467064367
6.229069200824083
6.23850663524874
5.7062539477858385
5.876047716714751
-0.9904071788555471
6.235852856740502
5.841315592898715
0.703503031740326
4.474963867773907
6.244127174658241
1.41906467064367
4.475963867773907
4.449566781081986
3.3925752464360652
1.9849085781938962
-0.9904071788555471
4.378243272942367
4.946907628151705
6.237852856740501
3.089494586410073
6.82273057500457
6.773586695495786
5.821312924735395
4.635402317144703
3.1699186452191594
-0.9904071788555471
3.3643648204123173
-0.9904071788555471
3.3961344465633516
3.0730920328735327
4.361566781081985
1.110869055670161
1.41906467064367
1.41906467064367
6.04604052055215
0.8225091304713672
-0.9904071788555471
1.3595326464330757
1.41906467064367
1.41906467064367
3.1015025752008722
-0.9904071788555471
1.41906467064367
4.244948173310307
3.2342338652530076
4.199151314141576
6.647008091062504
4.261929092850771
0.8201629734652571
4.334779407871129
4.471966943121777
1.41906467064367
3.0550627513662563
3.3130340261196007
4.226929092850771
1.41906467064367
4.347353718883161
0.8740512971430273
3.0585162057456676
3.0585162057456676
1.41906467064367
4.280353718883162
1.41906467064367
3.3901803386642833
5.8171096987272595
-0.9904071788555471
10.288087861182591
10.603585959114728
5.73870929260296
-0.9904071788555471
-0.9904071788555471
3.196606011871442
-0.9904071788555471
3.3901803386642833
3.8469702264343972
6.23750663524874
-1.213315134501448
5.698223789760387
-0.9904071788555471
6.772617097759885
4.383779407871129
6.22250663524874
4.396779407871129
5.81810969872726
1.41906467064367
2.037812904664554
4.442566781081985
3.3447378790960194
4.382779407871129
3.3447378790960194
2.854064586157394
-0.023354667710776877
4.439221196560003
-0.9904071788555471
-0.9904071788555471
5.739122531347668
5.825752069176287
-0.9904071788555471
5.846315592898716
-0.9904071788555471
4.4630649948587635
3.2189186452191594
1.3863787417072424
-0.9904071788555471
6.883841771577727
-0.9904071788555471
-0.9904071788555471
3.396575246436065
6.241852856740501
-0.9904071788555471
0.7614216039570669
2.004646809294175
1.3903971360625986
5.73770929260296
5.821851345837398
6.235852856740502
1.41906467064367
3.0876616562379797
4.424221196560002
1.41906467064367
4.130432290978922
3.2885842429281866
6.773586695495786
6.82273057500457
3.3130340261196007
1.41906467064367
1.41906467064367
3.0747841241650478
3.1180817743136555
-0.9904071788555471
2.429169733801706
3.3565218220961994
3.251348563540181
1.41906467064367
2.496451111096724
6.119826964099917
-0.9904071788555471
1.9049420737148282
6.562590412515263
3.2730340711196932
1.5004577889122155
4.407814692316647
3.3625967340998675
1.41906467064367
1.41906467064367
3.328413358038474
1.41906467064367
3.3643648204123173
4.1693909298961245
1.41906467064367
3.3293586991237314
1.41906467064367
3.329413358038474
1.41906467064367
5.820312924735395
3.2466970271487927
4.280353718883162
3.048738201046918
4.347221196560002
3.291642955124869
4.330008488145904
1.41906467064367
3.8400685755765225
1.048499434903031
3.2935620265733245
6.598942948414628
-0.9904071788555471
10.603585959114728
5.1529803542231445
10.288087861182591
-0.9904071788555471
-0.9904071788555471
0.7433412010964582
-0.9904071788555471
3.166494586410073
4.39777940787113
3.396575246436065
4.415221196560002
2.495379726354601
4.432221196560002
5.483851345837397
6.797002968862069
4.501963867773907
3.4015164510097766
5.309481207485182
3.3901803386642833
3.2449186452191596
1.41906467064367
1.0640512883462976
4.439221196560003
1.3905321103589214
6.1860692008240825
5.737832497192364
6.232312924735394
1.41906467064367
-0.9904071788555471
3.3901803386642833
1.41906467064367
-0.9904071788555471
1.41906467064367
-0.7006768174769071
2.0529767223133226
3.425991171965815
3.3447378790960194
4.370243272942367
1.41906467064367
1.41906467064367
3.264737847764745
1.41906467064367
1.3937770869306076
2.4290739339309058
-0.6660853988656843
-0.9904071788555471
0.7494438819986488
4.461814692316646
-0.9904071788555471
4.432566781081985
-0.9904071788555471
-0.9904071788555471
1.41906467064367
1.41906467064367
3.282737847764745
3.288642955124869
6.82273057500457
6.773586695495786
3.3293586991237314
4.1468411860650125
2.9845764571230675
0.8064255454279109
-0.9904071788555471
4.334779407871129
4.123208987235405
6.5689429484146284
0.9659140762813753
5.68011695331446
1.41906467064367
1.41906467064367
4.237171790313661
3.343650131824535
3.0585162057456676
4.18745980476339
3.368364820412317
1.41906467064367
1.822078959805608
-0.9904071788555471
3.0425495443992108
3.25873127234699
1.41906467064367
3.057062751366256
3.3130340261196007
3.251348563540181
1.41906467064367
4.195151314141576
2.047027263546451
3.5468924176143366
4.2046194593392485
1.41906467064367
-0.9904071788555471
4.2769290928507715
1.41906467064367
4.346243272942367
3.288642955124869
1.41906467064367
1.365532646433076
3.156661618489069
4.260814317461429
1.41906467064367
1.41906467064367
1.41906467064367
6.647008091062504
-0.8585245901639345
6.632413904429061
3.2925842429281866
1.41906467064367
3.328413358038474
3.328413358038474
1.41906467064367
3.3447378790960194
3.2885842429281866
5.68311695331446
3.342650131824535
1.41906467064367
4.280353718883162
1.9590816356653318
4.437779407871129
4.1969290928507705
1.41906467064367
3.3427378790960196
3.1164667196988147
-0.9904071788555471
3.2560258749639317
3.057062751366256
3.0785867612741926
4.108208987235405
3.3901803386642833
3.3447378790960194
3.329413358038474
1.41906467064367
2.557656392464129
6.559413904429062
3.3130340261196007
1.41906467064367
3.3901803386642833
1.41906467064367
0.8185216817781976
2.978346415027293
3.281868441272543
1.41906467064367
4.2066365171304625
3.259025874963932
6.717008091062503
2.0547118776514894
6.632413904429061
-0.9904071788555471
4.23362747644921
1.41906467064367
4.14347849763207
4.300960234940254
3.2346429551248685
1.41906467064367
1.41906467064367
3.535892417614337
3.823743627349269
6.773586695495786
6.82273057500457
3.025753224316601
3.2466970271487927
6.554413904429062
2.327456929541151
4.285353718883161
6.812014732981165
1.41906467064367
4.249948173310308
3.2730340711196932
0.8245847727518714
-0.9904071788555471
1.41906467064367
3.5548924176143366
1.41906467064367
2.0197118776514893
6.715008091062504
1.41906467064367
3.329413358038474
4.226929092850771
3.149359229123464
0.8245847727518714
3.3643648204123173
4.212008488145904
1.41906467064367
3.2935620265733245
3.3173586991237314
1.840197732027875
3.2925842429281866
1.0457109475413162
0.9659140762813753
5.841312924735394
6.553413904429062
3.2935620265733245
3.081650131824535
3.3447378790960194
1.41906467064367
3.281868441272543
3.059516205745668
3.3130340261196007
3.329413358038474
3.2945620265733244
5.884934974108134
3.3901803386642833
1.9217553537745389
-0.9904071788555471
4.2341717903136615
1.8404792874214342
6.047040520552151
-0.9904071788555471
1.41906467064367
6.012223174622254
4.436779407871129
1.41906467064367
3.3130340261196007
3.3130340261196007
3.282737847764745
3.343650131824535
4.624754389968701
4.372064994858763
4.151208987235405
1.41906467064367
3.312004314446147
2.2207286307510983
3.9952324744418855
3.329413358038474
3.057062751366256
4.3719602349402535
-1.2839264690236973
4.25962747644921
4.114208987235405
3.268233865253008
6.099505727121899
-0.9904071788555471
3.2742338652530076
3.2885842429281866
3.057516205745668
-0.9904071788555471
4.130432290978922
3.295576476319794
3.3643648204123173
3.3447378790960194
5.793069200824083
3.245697027148793
4.160244554133557
1.41906467064367
4.349221196560002
4.369064994858763
3.7647701913294656
-0.9904071788555471
1.41906467064367
6.501590412515263
3.244697027148793
3.3130340261196007
3.312034026119601
